0.69569,-0.51761
0.68765,-0.51367
0.67964,-0.50971
0.67166,-0.50574
0.66372,-0.50176
0.65581,-0.49777
0.64794,-0.49377
0.64009,-0.48976
0.63229,-0.48573
0.62451,-0.4817
0.61677,-0.47765
0.60906,-0.47359
0.60139,-0.46952
0.59375,-0.46544
0.58614,-0.46135
0.57857,-0.45725
0.57103,-0.45313
0.56352,-0.44901
0.55605,-0.44487
0.54861,-0.44073
0.54121,-0.43657
0.53384,-0.4324
0.5265,-0.42822
0.5192,-0.42403
0.51193,-0.41982
0.50469,-0.41561
0.49749,-0.41138
0.49032,-0.40715
0.48319,-0.4029
0.47609,-0.39864
0.46902,-0.39437
0.46199,-0.39009
0.45499,-0.3858
0.44803,-0.3815
0.44109,-0.37719
0.4342,-0.37286
0.42734,-0.36853
0.42051,-0.36418
0.41371,-0.35983
0.40695,-0.35546
0.40023,-0.35108
0.39353,-0.34669
0.38688,-0.34229
0.38025,-0.33788
0.37366,-0.33346
0.36711,-0.32902
0.36058,-0.32458
0.3541,-0.32012
0.34764,-0.31566
0.34122,-0.31118
0.33484,-0.30669
0.32849,-0.30219
0.32217,-0.29769
0.31589,-0.29317
0.30964,-0.28864
0.30343,-0.28409
0.29725,-0.27954
0.2911,-0.27498
0.28499,-0.2704
0.27892,-0.26582
0.27287,-0.26123
0.26687,-0.25662
0.26089,-0.252
0.25495,-0.24738
0.24905,-0.24274
0.24318,-0.23809
0.23734,-0.23343
0.23154,-0.22876
0.22578,-0.22408
0.22004,-0.21939
0.21435,-0.21469
0.20868,-0.20997
0.20305,-0.20525
0.19746,-0.20052
0.1919,-0.19577
0.18637,-0.19102
0.18088,-0.18625
0.17543,-0.18147
0.17,-0.17669
0.16462,-0.17189
0.15926,-0.16708
0.15395,-0.16227
0.14866,-0.15744
0.14341,-0.1526
0.1382,-0.14775
0.13302,-0.14289
0.12788,-0.13802
0.12276,-0.13314
0.11769,-0.12824
0.11265,-0.12334
0.10764,-0.11843
0.10267,-0.11351
0.097734,-0.10857
0.092833,-0.10363
0.087965,-0.098677
0.083133,-0.093713
0.078335,-0.088738
0.073572,-0.083753
0.068844,-0.078758
0.064151,-0.073753
0.059492,-0.068737
0.054869,-0.06371
0.05028,-0.058674
0.045726,-0.053627
0.041207,-0.04857
0.036723,-0.043503
0.032273,-0.038425
0.027859,-0.033338
0.023479,-0.02824
0.019134,-0.023131
0.014824,-0.018013
0.010549,-0.012884
0.0063095,-0.0077457
0.0021044,-0.0025968
-0.0020657,0.0025623
-0.0062009,0.0077315
-0.010301,0.012911
-0.014366,0.0181
-0.018397,0.0233
-0.022392,0.02851
-0.026352,0.033729
-0.030277,0.038959
-0.034168,0.044199
-0.038023,0.049449
-0.041843,0.054709
-0.045628,0.059979
-0.049378,0.065259
-0.053093,0.070549
-0.056773,0.075849
-0.060418,0.081159
-0.064028,0.086479
-0.067603,0.091809
-0.071142,0.097149
-0.074647,0.1025
-0.078116,0.10786
-0.08155,0.11323
-0.08495,0.11861
-0.088314,0.124
-0.091642,0.1294
-0.094936,0.13481
-0.098195,0.14023
-0.10142,0.14565
-0.10461,0.15109
-0.10776,0.15654
-0.11088,0.162
-0.11396,0.16747
-0.11701,0.17295
-0.12002,0.17843
-0.123,0.18393
-0.12594,0.18944
-0.12885,0.19496
-0.13172,0.20048
-0.13455,0.20602
-0.13735,0.21156
-0.14012,0.21712
-0.14285,0.22269
-0.14554,0.22826
-0.1482,0.23385
-0.15083,0.23944
-0.15342,0.24504
-0.15597,0.25066
-0.15849,0.25628
-0.16098,0.26191
-0.16342,0.26756
-0.16584,0.27321
-0.16821,0.27887
-0.17056,0.28454
-0.17286,0.29022
-0.17513,0.29591
-0.17737,0.30161
-0.17957,0.30732
-0.18174,0.31304
-0.18387,0.31877
-0.18596,0.3245
-0.18802,0.33025
-0.19005,0.33601
-0.19203,0.34177
-0.19399,0.34755
-0.19591,0.35333
-0.19779,0.35913
-0.19964,0.36493
-0.20145,0.37074
-0.20322,0.37656
-0.20497,0.3824
-0.20667,0.38824
-0.20834,0.39409
-0.20998,0.39995
-0.21158,0.40581
-0.21314,0.41169
-0.21467,0.41758
-0.21616,0.42347
-0.21762,0.42938
-0.21904,0.43529
-0.22043,0.44122
-0.22178,0.44715
-0.2231,0.45309
-0.22438,0.45905
-0.22562,0.46501
-0.22683,0.47098
-0.22801,0.47695
-0.22915,0.48294
-0.23025,0.48894
-0.23132,0.49494
-0.23235,0.50096
-0.23335,0.50698
-0.23431,0.51302
-0.23523,0.51906
-0.23612,0.52511
-0.23698,0.53117
-0.2378,0.53724
-0.23858,0.54332
-0.23933,0.54941
-0.24005,0.5555
-0.24072,0.56161
-0.24137,0.56772
-0.24197,0.57384
-0.24254,0.57998
-0.24308,0.58612
-0.24358,0.59227
-0.24405,0.59842
-0.24448,0.60459
-0.24487,0.61077
-0.24523,0.61695
-0.24555,0.62315
-0.24584,0.62935
-0.24609,0.63556
-0.24631,0.64178
-0.24649,0.64801
-0.24663,0.65425
-0.24674,0.66049
-0.24682,0.66675
-0.24686,0.67301
-0.24686,0.67928
-0.24683,0.68556
-0.24676,0.69185
-0.24666,0.69815
-0.24652,0.70446
-0.24635,0.71077
-0.24614,0.7171
-0.24589,0.72343
-0.24561,0.72977
-0.2453,0.73612
-0.24495,0.74248
-0.24456,0.74885
-0.24414,0.75522
-0.24368,0.76161
-0.24319,0.768
-0.24266,0.7744
-0.24209,0.78081
-0.24149,0.78723
-0.24086,0.79365
-0.24019,0.80009
-0.23948,0.80653
-0.23874,0.81298
-0.23796,0.81944
-0.23715,0.82591
-0.2363,0.83238
-0.23542,0.83887
-0.2345,0.84536
-0.23355,0.85186
-0.23256,0.85837
-0.23153,0.86489
-0.23047,0.87142
-0.22938,0.87795
-0.22824,0.88449
-0.22708,0.89104
-0.22587,0.8976
-0.22464,0.90417
-0.22336,0.91075
-0.22205,0.91733
-0.22071,0.92392
-0.21933,0.93052
-0.21792,0.93713
-0.21646,0.94374
-0.21498,0.95037
-0.21346,0.957
-0.2119,0.96364
-0.21031,0.97029
-0.20868,0.97695
-0.20702,0.98361
-0.20532,0.99028
-0.20359,0.99696
-0.20182,1.0037
-0.20001,1.0103
-0.19817,1.0171
-0.1963,1.0238
-0.19439,1.0305
-0.19244,1.0372
-0.19046,1.0439
-0.18844,1.0507
-0.18639,1.0574
-0.1843,1.0642
-0.18218,1.071
-0.18002,1.0777
-0.17783,1.0845
-0.1756,1.0913
-0.17333,1.0981
-0.17103,1.1049
-0.1687,1.1117
-0.16633,1.1186
-0.16392,1.1254
-0.16148,1.1322
-0.15901,1.1391
-0.15649,1.1459
-0.15395,1.1528
-0.15137,1.1596
-0.14875,1.1665
-0.1461,1.1734
-0.14341,1.1803
-0.14069,1.1872
-0.13793,1.1941
-0.13513,1.201
-0.1323,1.2079
-0.12944,1.2149
-0.12654,1.2218
-0.12361,1.2287
-0.12064,1.2357
-0.11763,1.2426
-0.11459,1.2496
-0.11152,1.2566
-0.10841,1.2636
-0.10526,1.2706
-0.10208,1.2775
-0.098862,1.2845
-0.095611,1.2916
-0.092324,1.2986
-0.089003,1.3056
-0.085646,1.3126
-0.082254,1.3197
-0.078827,1.3267
-0.075365,1.3338
-0.071868,1.3408
-0.068335,1.3479
-0.064768,1.355
-0.061165,1.3621
-0.057527,1.3691
-0.053855,1.3762
-0.050147,1.3833
-0.046404,1.3905
-0.042626,1.3976
-0.038813,1.4047
-0.034965,1.4118
-0.031082,1.419
-0.027164,1.4261
-0.023211,1.4333
-0.019223,1.4404
-0.0152,1.4476
-0.011142,1.4548
-0.007049,1.462
-0.002921,1.4691
0.0012419,1.4763
0.0054397,1.4835
0.0096725,1.4907
0.01394,1.498
0.018243,1.5052
0.02258,1.5124
0.026953,1.5196
0.03136,1.5269
0.035802,1.5341
0.04028,1.5414
0.044792,1.5487
0.049338,1.5559
0.05392,1.5632
0.058536,1.5705
0.063188,1.5778
0.067874,1.5851
0.072595,1.5924
0.077351,1.5997
0.082141,1.607
0.086966,1.6143
0.091826,1.6217
0.096721,1.629
0.10165,1.6363
0.10661,1.6437
0.11161,1.6511
0.11665,1.6584
0.12172,1.6658
0.12682,1.6732
0.13196,1.6805
0.13713,1.6879
0.14234,1.6953
0.14758,1.7027
0.15285,1.7101
0.15816,1.7176
0.16351,1.725
0.16889,1.7324
0.17431,1.7398
0.17975,1.7473
0.18524,1.7547
0.19076,1.7622
0.19631,1.7696
0.2019,1.7771
0.20752,1.7846
0.21318,1.7921
0.21887,1.7995
0.22459,1.807
0.23035,1.8145
0.23615,1.822
0.24197,1.8295
0.24784,1.8371
0.25373,1.8446
0.25967,1.8521
0.26563,1.8596
0.27163,1.8672
0.27767,1.8747
0.28374,1.8823
0.28984,1.8898
0.29598,1.8974
0.30215,1.905
0.30836,1.9125
0.3146,1.9201
0.32087,1.9277
0.32718,1.9353
0.33353,1.9429
0.33991,1.9505
0.34632,1.9581
0.35276,1.9657
0.35924,1.9734
0.36576,1.981
0.37231,1.9886
0.37889,1.9963
0.38551,2.0039
0.39216,2.0116
0.39884,2.0192
0.40556,2.0269
0.41232,2.0346
0.4191,2.0422
0.42593,2.0499
0.43278,2.0576
0.43967,2.0653
0.44659,2.073
0.45355,2.0807
0.46054,2.0884
0.46757,2.0961
0.47463,2.1038
0.48172,2.1116
0.48885,2.1193
0.49601,2.127
0.5032,2.1348
0.51043,2.1425
0.51769,2.1503
0.52499,2.158
0.53232,2.1658
0.53968,2.1736
0.54708,2.1813
0.55451,2.1891
0.56198,2.1969
0.56948,2.2047
0.57701,2.2125
0.58458,2.2203
0.59218,2.2281
0.59981,2.2359
0.60748,2.2437
0.61518,2.2516
0.62291,2.2594
0.63068,2.2672
0.63848,2.2751
0.64632,2.2829
0.65419,2.2908
0.66209,2.2986
0.67002,2.3065
0.67799,2.3143
0.686,2.3222
0.69403,2.3301
0.7021,2.338
0.7102,2.3458
0.71834,2.3537
0.72651,2.3616
0.73471,2.3695
0.74295,2.3774
0.75122,2.3853
0.75952,2.3932
0.76786,2.4012
0.77623,2.4091
0.78463,2.417
0.79307,2.425
0.80154,2.4329
0.81004,2.4408
0.81858,2.4488
0.82714,2.4567
0.83575,2.4647
0.84438,2.4727
0.85305,2.4806
0.86175,2.4886
0.87049,2.4966
0.87925,2.5046
0.88805,2.5125
0.89689,2.5205
0.90575,2.5285
0.91465,2.5365
0.92359,2.5445
0.93255,2.5525
0.94155,2.5606
0.95058,2.5686
0.95964,2.5766
0.96874,2.5846
0.97787,2.5927
0.98703,2.6007
0.99623,2.6087
1.0055,2.6168
1.0147,2.6248
1.024,2.6329
1.0333,2.6409
1.0427,2.649
1.0521,2.6571
1.0615,2.6651
1.071,2.6732
1.0805,2.6813
1.09,2.6894
1.0995,2.6975
1.1091,2.7056
1.1187,2.7137
1.1284,2.7218
1.1381,2.7299
1.1478,2.738
1.1575,2.7461
1.1673,2.7542
1.1771,2.7623
1.187,2.7705
1.1969,2.7786
1.2068,2.7867
1.2167,2.7949
1.2267,2.803
1.2367,2.8112
1.2467,2.8193
1.2568,2.8275
1.2669,2.8356
1.2771,2.8438
1.2872,2.852
1.2974,2.8601
1.3077,2.8683
1.3179,2.8765
1.3282,2.8847
1.3386,2.8928
1.3489,2.901
1.3593,2.9092
1.3697,2.9174
1.3802,2.9256
1.3907,2.9338
1.4012,2.942
1.4118,2.9503
1.4224,2.9585
1.433,2.9667
1.4436,2.9749
1.4543,2.9831
1.465,2.9914
1.4758,2.9996
1.4865,3.0078
1.4973,3.0161
1.5082,3.0243
1.5191,3.0326
1.53,3.0408
1.5409,3.0491
1.5519,3.0573
1.5629,3.0656
1.5739,3.0739
1.5849,3.0821
1.596,3.0904
1.6072,3.0987
1.6183,3.107
1.6295,3.1153
1.6407,3.1235
1.652,3.1318
1.6632,3.1401
1.6746,3.1484
1.6859,3.1567
1.6973,3.165
1.7087,3.1733
1.7201,3.1816
1.7316,3.1899
1.7431,3.1983
1.7546,3.2066
1.7662,3.2149
1.7778,3.2232
1.7894,3.2316
1.801,3.2399
1.8127,3.2482
1.8244,3.2566
1.8362,3.2649
1.848,3.2732
1.8598,3.2816
1.8716,3.2899
1.8835,3.2983
1.8954,3.3066
1.9073,3.315
1.9193,3.3234
1.9313,3.3317
1.9433,3.3401
1.9554,3.3485
1.9675,3.3568
1.9796,3.3652
1.9917,3.3736
2.0039,3.382
2.0161,3.3904
2.0283,3.3987
2.0406,3.4071
2.0529,3.4155
2.0652,3.4239
2.0776,3.4323
2.09,3.4407
2.1024,3.4491
2.1149,3.4575
2.1274,3.4659
2.1399,3.4743
2.1524,3.4828
2.165,3.4912
2.1776,3.4996
2.1902,3.508
2.2029,3.5164
2.2156,3.5249
2.2283,3.5333
2.2411,3.5417
2.2538,3.5501
2.2667,3.5586
2.2795,3.567
2.2924,3.5755
2.3053,3.5839
2.3182,3.5923
2.3312,3.6008
2.3442,3.6092
2.3572,3.6177
2.3703,3.6261
2.3833,3.6346
2.3965,3.6431
2.4096,3.6515
2.4228,3.66
2.436,3.6684
2.4492,3.6769
2.4625,3.6854
2.4758,3.6938
2.4891,3.7023
2.5024,3.7108
2.5158,3.7193
2.5292,3.7278
2.5427,3.7362
2.5561,3.7447
2.5696,3.7532
2.5831,3.7617
2.5967,3.7702
2.6103,3.7787
2.6239,3.7872
2.6375,3.7957
2.6512,3.8041
2.6649,3.8126
2.6786,3.8211
2.6924,3.8296
2.7062,3.8382
2.72,3.8467
2.7339,3.8552
2.7477,3.8637
2.7616,3.8722
2.7756,3.8807
2.7895,3.8892
2.8035,3.8977
2.8176,3.9062
2.8316,3.9148
2.8457,3.9233
2.8598,3.9318
2.8739,3.9403
2.8881,3.9488
2.9023,3.9574
2.9165,3.9659
2.9308,3.9744
2.945,3.983
2.9593,3.9915
2.9737,4
2.988,4.0086
3.0024,4.0171
3.0169,4.0256
3.0313,4.0342
3.0458,4.0427
3.0603,4.0513
3.0748,4.0598
3.0894,4.0683
3.104,4.0769
3.1186,4.0854
3.1332,4.094
3.1479,4.1025
3.1626,4.1111
3.1773,4.1196
3.1921,4.1282
3.2069,4.1367
3.2217,4.1453
3.2366,4.1539
3.2514,4.1624
3.2663,4.171
3.2812,4.1795
3.2962,4.1881
3.3112,4.1967
3.3262,4.2052
3.3412,4.2138
3.3563,4.2223
3.3714,4.2309
3.3865,4.2395
3.4017,4.248
3.4168,4.2566
3.432,4.2652
3.4473,4.2737
3.4625,4.2823
3.4778,4.2909
3.4931,4.2995
3.5085,4.308
3.5238,4.3166
3.5392,4.3252
3.5546,4.3338
3.5701,4.3423
3.5856,4.3509
3.6011,4.3595
3.6166,4.3681
3.6322,4.3766
3.6477,4.3852
3.6634,4.3938
3.679,4.4024
3.6947,4.411
3.7103,4.4195
3.7261,4.4281
3.7418,4.4367
3.7576,4.4453
3.7734,4.4539
3.7892,4.4624
3.8051,4.471
3.8209,4.4796
3.8368,4.4882
3.8528,4.4968
3.8687,4.5054
3.8847,4.5139
3.9007,4.5225
3.9168,4.5311
3.9328,4.5397
3.9489,4.5483
3.965,4.5569
3.9812,4.5655
3.9974,4.574
4.0135,4.5826
4.0298,4.5912
4.046,4.5998
4.0623,4.6084
4.0786,4.617
4.0949,4.6256
4.1113,4.6342
4.1276,4.6427
4.1441,4.6513
4.1605,4.6599
4.1769,4.6685
4.1934,4.6771
4.2099,4.6857
4.2265,4.6943
4.243,4.7029
4.2596,4.7114
4.2762,4.72
4.2928,4.7286
4.3095,4.7372
4.3262,4.7458
4.3429,4.7544
4.3596,4.763
4.3764,4.7715
4.3932,4.7801
4.41,4.7887
4.4269,4.7973
4.4437,4.8059
4.4606,4.8145
4.4775,4.823
4.4945,4.8316
4.5114,4.8402
4.5284,4.8488
4.5454,4.8574
4.5625,4.866
4.5795,4.8745
4.5966,4.8831
4.6137,4.8917
4.6309,4.9003
4.6481,4.9089
4.6652,4.9174
4.6825,4.926
4.6997,4.9346
4.717,4.9432
4.7342,4.9517
4.7516,4.9603
4.7689,4.9689
4.7863,4.9775
4.8036,4.986
4.8211,4.9946
4.8385,5.0032
4.856,5.0117
4.8734,5.0203
4.8909,5.0289
4.9085,5.0375
4.926,5.046
4.9436,5.0546
4.9612,5.0631
4.9789,5.0717
4.9965,5.0803
5.0142,5.0888
5.0319,5.0974
5.0496,5.106
5.0674,5.1145
5.0851,5.1231
5.1029,5.1316
5.1208,5.1402
5.1386,5.1487
5.1565,5.1573
5.1744,5.1659
5.1923,5.1744
5.2102,5.183
5.2282,5.1915
5.2462,5.2001
5.2642,5.2086
5.2822,5.2171
5.3003,5.2257
5.3183,5.2342
5.3364,5.2428
5.3546,5.2513
5.3727,5.2599
5.3909,5.2684
5.4091,5.2769
5.4273,5.2855
5.4456,5.294
5.4638,5.3025
5.4821,5.3111
5.5004,5.3196
5.5188,5.3281
5.5371,5.3366
5.5555,5.3452
5.5739,5.3537
5.5923,5.3622
5.6108,5.3707
5.6292,5.3793
5.6477,5.3878
5.6663,5.3963
5.6848,5.4048
5.7034,5.4133
5.7219,5.4218
5.7405,5.4303
5.7592,5.4388
5.7778,5.4473
5.7965,5.4559
5.8152,5.4644
5.8339,5.4729
5.8527,5.4814
5.8714,5.4898
5.8902,5.4983
5.909,5.5068
5.9278,5.5153
5.9467,5.5238
5.9656,5.5323
5.9845,5.5408
6.0034,5.5493
6.0223,5.5578
6.0413,5.5662
6.0603,5.5747
6.0793,5.5832
6.0983,5.5917
6.1173,5.6001
6.1364,5.6086
6.1555,5.6171
6.1746,5.6255
6.1937,5.634
6.2129,5.6424
6.2321,5.6509
6.2513,5.6594
6.2705,5.6678
6.2897,5.6763
6.309,5.6847
6.3283,5.6932
6.3476,5.7016
6.3669,5.7101
6.3862,5.7185
6.4056,5.7269
6.425,5.7354
6.4444,5.7438
6.4638,5.7522
6.4833,5.7607
6.5027,5.7691
6.5222,5.7775
6.5417,5.7859
6.5613,5.7943
6.5808,5.8028
6.6004,5.8112
6.62,5.8196
6.6396,5.828
6.6593,5.8364
6.6789,5.8448
6.6986,5.8532
6.7183,5.8616
6.738,5.87
6.7577,5.8784
6.7775,5.8868
6.7973,5.8952
6.8171,5.9035
6.8369,5.9119
6.8567,5.9203
6.8766,5.9287
6.8965,5.9371
6.9163,5.9454
6.9363,5.9538
6.9562,5.9622
6.9762,5.9705
6.9961,5.9789
7.0161,5.9872
7.0361,5.9956
7.0562,6.0039
7.0762,6.0123
7.0963,6.0206
7.1164,6.029
7.1365,6.0373
7.1566,6.0456
7.1768,6.054
7.197,6.0623
7.2172,6.0706
7.2374,6.0789
7.2576,6.0873
7.2778,6.0956
7.2981,6.1039
7.3184,6.1122
7.3387,6.1205
7.359,6.1288
7.3794,6.1371
7.3997,6.1454
7.4201,6.1537
7.4405,6.162
7.4609,6.1703
7.4814,6.1786
7.5018,6.1868
7.5223,6.1951
7.5428,6.2034
7.5633,6.2117
7.5838,6.2199
7.6044,6.2282
7.6249,6.2364
7.6455,6.2447
7.6661,6.253
7.6867,6.2612
7.7074,6.2695
7.728,6.2777
7.7487,6.2859
7.7694,6.2942
7.7901,6.3024
7.8108,6.3106
7.8316,6.3188
7.8523,6.3271
7.8731,6.3353
7.8939,6.3435
7.9147,6.3517
7.9356,6.3599
7.9564,6.3681
7.9773,6.3763
7.9982,6.3845
8.0191,6.3927
8.04,6.4009
8.0609,6.4091
8.0819,6.4172
8.1029,6.4254
8.1239,6.4336
8.1449,6.4418
8.1659,6.4499
8.1869,6.4581
8.208,6.4662
8.2291,6.4744
8.2502,6.4825
8.2713,6.4907
8.2924,6.4988
8.3136,6.507
8.3347,6.5151
8.3559,6.5232
8.3771,6.5313
8.3983,6.5395
8.4195,6.5476
8.4408,6.5557
8.462,6.5638
8.4833,6.5719
8.5046,6.58
8.5259,6.5881
8.5472,6.5962
8.5686,6.6043
8.5899,6.6123
8.6113,6.6204
8.6327,6.6285
8.6541,6.6365
8.6755,6.6446
8.697,6.6527
8.7184,6.6607
8.7399,6.6688
8.7614,6.6768
8.7829,6.6849
8.8044,6.6929
8.8259,6.7009
8.8475,6.709
8.8691,6.717
8.8906,6.725
8.9122,6.733
8.9338,6.741
8.9555,6.749
8.9771,6.757
8.9988,6.765
9.0204,6.773
9.0421,6.781
9.0638,6.789
9.0856,6.797
9.1073,6.8049
9.129,6.8129
9.1508,6.8209
9.1726,6.8288
9.1944,6.8368
9.2162,6.8447
9.238,6.8527
9.2599,6.8606
9.2817,6.8686
9.3036,6.8765
9.3255,6.8844
9.3474,6.8923
9.3693,6.9002
9.3912,6.9082
9.4131,6.9161
9.4351,6.924
9.4571,6.9319
9.479,6.9397
9.501,6.9476
9.523,6.9555
9.5451,6.9634
9.5671,6.9713
9.5892,6.9791
9.6112,6.987
9.6333,6.9948
9.6554,7.0027
9.6775,7.0105
9.6996,7.0184
9.7218,7.0262
9.7439,7.034
9.7661,7.0418
9.7883,7.0497
9.8105,7.0575
9.8327,7.0653
9.8549,7.0731
9.8771,7.0809
9.8994,7.0887
9.9216,7.0965
9.9439,7.1042
9.9662,7.112
9.9885,7.1198
10.011,7.1276
10.033,7.1353
10.055,7.1431
10.078,7.1508
10.1,7.1586
10.123,7.1663
10.145,7.174
10.167,7.1818
10.19,7.1895
10.212,7.1972
10.235,7.2049
10.257,7.2126
10.28,7.2203
10.302,7.228
10.325,7.2357
10.347,7.2434
10.37,7.251
10.392,7.2587
10.415,7.2664
10.437,7.274
10.46,7.2817
10.482,7.2893
10.505,7.297
10.527,7.3046
10.55,7.3122
10.573,7.3199
10.595,7.3275
10.618,7.3351
10.641,7.3427
10.663,7.3503
10.686,7.3579
10.709,7.3655
10.731,7.3731
10.754,7.3806
10.777,7.3882
10.8,7.3958
10.822,7.4033
10.845,7.4109
10.868,7.4184
10.891,7.426
10.913,7.4335
10.936,7.441
10.959,7.4486
10.982,7.4561
11.005,7.4636
11.028,7.4711
11.05,7.4786
11.073,7.4861
11.096,7.4936
11.119,7.5011
11.142,7.5085
11.165,7.516
11.188,7.5235
11.211,7.5309
11.234,7.5384
11.257,7.5458
11.28,7.5532
11.303,7.5607
11.326,7.5681
11.349,7.5755
11.372,7.5829
11.395,7.5903
11.418,7.5977
11.441,7.6051
11.464,7.6125
11.487,7.6199
11.51,7.6272
11.533,7.6346
11.556,7.6419
11.579,7.6493
11.602,7.6566
11.625,7.664
11.649,7.6713
11.672,7.6786
11.695,7.686
11.718,7.6933
11.741,7.7006
11.764,7.7079
11.787,7.7152
11.811,7.7224
11.834,7.7297
11.857,7.737
11.88,7.7443
11.904,7.7515
11.927,7.7588
11.95,7.766
11.973,7.7732
11.997,7.7805
12.02,7.7877
12.043,7.7949
12.066,7.8021
12.09,7.8093
12.113,7.8165
12.136,7.8237
12.16,7.8309
12.183,7.8381
12.206,7.8452
12.23,7.8524
12.253,7.8596
12.276,7.8667
12.3,7.8738
12.323,7.881
12.346,7.8881
12.37,7.8952
12.393,7.9023
12.417,7.9094
12.44,7.9165
12.464,7.9236
12.487,7.9307
12.51,7.9378
12.534,7.9449
12.557,7.9519
12.581,7.959
12.604,7.966
12.628,7.9731
12.651,7.9801
12.675,7.9871
12.698,7.9941
12.722,8.0011
12.745,8.0081
12.769,8.0151
12.792,8.0221
12.816,8.0291
12.839,8.0361
12.863,8.043
12.887,8.05
12.91,8.057
12.934,8.0639
12.957,8.0708
12.981,8.0778
13.004,8.0847
13.028,8.0916
13.052,8.0985
13.075,8.1054
13.099,8.1123
13.122,8.1192
13.146,8.1261
13.17,8.1329
13.193,8.1398
13.217,8.1466
13.241,8.1535
13.264,8.1603
13.288,8.1672
13.312,8.174
13.335,8.1808
13.359,8.1876
13.383,8.1944
13.406,8.2012
13.43,8.208
13.454,8.2148
13.478,8.2215
13.501,8.2283
13.525,8.235
13.549,8.2418
13.572,8.2485
13.596,8.2552
13.62,8.262
13.644,8.2687
13.667,8.2754
13.691,8.2821
13.715,8.2888
13.739,8.2954
13.763,8.3021
13.786,8.3088
13.81,8.3154
13.834,8.3221
13.858,8.3287
13.881,8.3354
13.905,8.342
13.929,8.3486
13.953,8.3552
13.977,8.3618
14.001,8.3684
14.024,8.375
14.048,8.3816
14.072,8.3881
14.096,8.3947
14.12,8.4013
14.144,8.4078
14.167,8.4143
14.191,8.4209
14.215,8.4274
14.239,8.4339
14.263,8.4404
14.287,8.4469
14.311,8.4534
14.335,8.4599
14.358,8.4663
14.382,8.4728
14.406,8.4792
14.43,8.4857
14.454,8.4921
14.478,8.4985
14.502,8.505
14.526,8.5114
14.55,8.5178
14.573,8.5242
14.597,8.5305
14.621,8.5369
14.645,8.5433
14.669,8.5497
14.693,8.556
14.717,8.5623
14.741,8.5687
14.765,8.575
14.789,8.5813
14.813,8.5876
14.837,8.5939
14.861,8.6002
14.885,8.6065
14.909,8.6128
14.933,8.619
14.956,8.6253
14.98,8.6315
15,8.6378
15,8.644
15,8.6502
15,8.6564
15,8.6626
15,8.6688
15,8.675
15,8.6812
15,8.6874
15,8.6935
15,8.6997
15,8.7058
15,8.712
15,8.7181
15,8.7242
15,8.7303
15,8.7364
15,8.7425
15,8.7486
15,8.7546
15,8.7607
15,8.7668
15,8.7728
15,8.7788
15,8.7849
15,8.7909
15,8.7969
15,8.8029
15,8.8089
15,8.8148
15,8.8208
15,8.8268
15,8.8327
15,8.8387
15,8.8446
15,8.8505
15,8.8564
15,8.8624
15,8.8683
15,8.8741
15,8.88
15,8.8859
15,8.8918
15,8.8976
15,8.9034
15,8.9093
15,8.9151
15,8.9209
15,8.9267
15,8.9325
15,8.9383
15,8.9441
15,8.9498
15,8.9556
15,8.9613
15,8.9671
15,8.9728
15,8.9785
15,8.9842
15,8.9899
15,8.9956
15,9.0013
15,9.007
15,9.0127
15,9.0183
15,9.024
15,9.0296
15,9.0352
15,9.0408
15,9.0464
15,9.052
15,9.0576
15,9.0632
15,9.0688
15,9.0743
15,9.0799
15,9.0854
15,9.0909
15,9.0964
15,9.102
15,9.1074
15,9.1129
15,9.1184
15,9.1239
15,9.1293
15,9.1348
15,9.1402
15,9.1457
15,9.1511
15,9.1565
15,9.1619
15,9.1673
15,9.1727
15,9.178
15,9.1834
15,9.1888
15,9.1941
15,9.1994
15,9.2047
15,9.2101
15,9.2154
15,9.2206
15,9.2259
15,9.2312
15,9.2365
15,9.2417
15,9.247
15,9.2522
15,9.2574
15,9.2626
15,9.2678
15,9.273
15,9.2782
15,9.2834
15,9.2885
15,9.2937
15,9.2988
15,9.3039
15,9.3091
15,9.3142
15,9.3193
15,9.3244
15,9.3294
15,9.3345
15,9.3396
15,9.3446
15,9.3497
15,9.3547
15,9.3597
15,9.3647
15,9.3697
15,9.3747
15,9.3797
15,9.3846
15,9.3896
15,9.3945
15,9.3995
15,9.4044
15,9.4093
15,9.4142
15,9.4191
15,9.424
15,9.4288
15,9.4337
15,9.4386
15,9.4434
15,9.4482
15,9.4531
15,9.4579
15,9.4627
15,9.4674
15,9.4722
15,9.477
15,9.4817
15,9.4865
15,9.4912
15,9.496
15,9.5007
15,9.5054
15,9.5101
15,9.5147
15,9.5194
15,9.5241
15,9.5287
15,9.5334
15,9.538
15,9.5426
15,9.5472
15,9.5518
15,9.5564
15,9.561
15,9.5655
15,9.5701
15,9.5746
15,9.5792
15,9.5837
15,9.5882
15,9.5927
15,9.5972
15,9.6017
15,9.6061
15,9.6106
15,9.615
15,9.6195
15,9.6239
15,9.6283
15,9.6327
15,9.6371
15,9.6415
15,9.6459
15,9.6502
15,9.6546
15,9.6589
15,9.6632
15,9.6675
15,9.6718
15,9.6761
15,9.6804
15,9.6847
15,9.6889
15,9.6932
15,9.6974
15,9.7017
15,9.7059
15,9.7101
15,9.7143
15,9.7184
15,9.7226
15,9.7268
15,9.7309
15,9.7351
15,9.7392
15,9.7433
15,9.7474
15,9.7515
15,9.7556
15,9.7597
15,9.7637
15,9.7678
15,9.7718
15,9.7758
15,9.7798
15,9.7838
15,9.7878
15,9.7918
15,9.7958
15,9.7997
15,9.8037
15,9.8076
15,9.8116
15,9.8155
15,9.8194
15,9.8233
15,9.8271
15,9.831
15,9.8349
15,9.8387
15,9.8425
15,9.8464
15,9.8502
15,9.854
15,9.8578
15,9.8615
15,9.8653
15,9.8691
15,9.8728
15,9.8765
15,9.8803
15,9.884
15,9.8877
15,9.8913
15,9.895
15,9.8987
15,9.9023
15,9.906
15,9.9096
15,9.9132
15,9.9168
15,9.9204
15,9.924
15,9.9276
15,9.9311
15,9.9347
15,9.9382
15,9.9417
15,9.9453
15,9.9488
15,9.9522
15,9.9557
15,9.9592
15,9.9626
15,9.9661
15,9.9695
15,9.9729
15,9.9763
15,9.9797
15,9.9831
15,9.9865
15,9.9899
15,9.9932
15,9.9965
15,9.9999
15,10.003
15,10.006
15,10.01
15,10.013
15,10.016
15,10.02
15,10.023
15,10.026
15,10.029
15,10.032
15,10.036
15,10.039
15,10.042
15,10.045
15,10.048
15,10.052
15,10.055
15,10.058
15,10.061
15,10.064
15,10.067
15,10.07
15,10.073
15,10.076
15,10.079
15,10.082
15,10.085
15,10.088
15,10.091
15,10.094
15,10.097
15,10.1
15,10.103
15,10.106
15,10.109
15,10.112
15,10.115
15,10.118
15,10.12
15,10.123
15,10.126
15,10.129
15,10.132
15,10.135
15,10.137
15,10.14
15,10.143
15,10.146
15,10.148
15,10.151
15,10.154
15,10.157
15,10.159
15,10.162
15,10.165
15,10.167
15,10.17
15,10.173
15,10.175
15,10.178
15,10.18
15,10.183
15,10.186
15,10.188
15,10.191
15,10.193
15,10.196
15,10.198
15,10.201
15,10.203
15,10.206
15,10.208
15,10.211
15,10.213
15,10.216
15,10.218
15,10.22
15,10.223
15,10.225
15,10.227
15,10.23
15,10.232
15,10.235
15,10.237
15,10.239
15,10.241
15,10.244
15,10.246
15,10.248
15,10.251
15,10.253
15,10.255
15,10.257
15,10.259
15,10.262
15,10.264
15,10.266
15,10.268
15,10.27
15,10.272
15,10.274
15,10.277
15,10.279
15,10.281
15,10.283
15,10.285
15,10.287
15,10.289
15,10.291
15,10.293
15,10.295
15,10.297
15,10.299
15,10.301
15,10.303
15,10.305
15,10.307
15,10.308
15,10.31
15,10.312
15,10.314
15,10.316
15,10.318
15,10.32
15,10.321
15,10.323
15,10.325
15,10.327
15,10.329
15,10.33
15,10.332
15,10.334
15,10.335
15,10.337
15,10.339
15,10.341
15,10.342
15,10.344
15,10.345
15,10.347
15,10.349
15,10.35
15,10.352
15,10.354
15,10.355
15,10.357
15,10.358
15,10.36
15,10.361
15,10.363
15,10.364
15,10.366
15,10.367
15,10.369
15,10.37
15,10.371
15,10.373
15,10.374
15,10.376
15,10.377
15,10.378
15,10.38
15,10.381
15,10.382
15,10.384
15,10.385
15,10.386
15,10.388
15,10.389
15,10.39
15,10.391
15,10.393
15,10.394
15,10.395
15,10.396
15,10.397
15,10.399
15,10.4
15,10.401
15,10.402
15,10.403
15,10.404
15,10.405
15,10.406
15,10.407
15,10.409
15,10.41
15,10.411
15,10.412
15,10.413
15,10.414
15,10.415
15,10.416
15,10.416
15,10.417
15,10.418
15,10.419
15,10.42
15,10.421
15,10.422
15,10.423
15,10.424
15,10.424
15,10.425
15,10.426
15,10.427
15,10.428
15,10.428
15,10.429
15,10.43
15,10.431
15,10.431
15,10.432
15,10.433
15,10.434
15,10.434
15,10.435
15,10.436
15,10.436
15,10.437
15,10.437
15,10.438
15,10.439
15,10.439
15,10.44
15,10.44
15,10.441
15,10.441
15,10.442
15,10.442
15,10.443
15,10.443
15,10.444
15,10.444
15,10.445
15,10.445
15,10.445
15,10.446
15,10.446
15,10.447
15,10.447
15,10.447
15,10.448
15,10.448
15,10.448
15,10.448
15,10.449
15,10.449
15,10.449
15,10.45
15,10.45
15,10.45
15,10.45
15,10.45
15,10.451
15,10.451
15,10.451
15,10.451
15,10.451
15,10.451
15,10.451
15,10.451
15,10.452
15,10.452
15,10.452
15,10.452
15,10.452
15,10.452
15,10.452
15,10.452
15,10.452
15,10.452
15,10.452
15,10.452
15,10.451
15,10.451
15,10.451
15,10.451
15,10.451
15,10.451
15,10.451
15,10.451
15,10.45
15,10.45
15,10.45
15,10.45
15,10.45
15,10.449
15,10.449
15,10.449
15,10.449
15,10.448
15,10.448
15,10.448
15,10.447
15,10.447
15,10.447
15,10.446
15,10.446
15,10.445
15,10.445
15,10.445
15,10.444
15,10.444
15,10.443
15,10.443
15,10.442
15,10.442
15,10.441
15,10.441
15,10.44
15,10.44
15,10.439
15,10.439
15,10.438
15,10.437
15,10.437
15,10.436
15,10.436
15,10.435
15,10.434
15,10.434
15,10.433
15,10.432
15,10.432
15,10.431
15,10.43
15,10.429
15,10.429
15,10.428
15,10.427
15,10.426
15,10.425
15,10.425
15,10.424
15,10.423
15,10.422
15,10.421
15,10.42
15,10.419
15,10.418
15,10.418
15,10.417
15,10.416
15,10.415
15,10.414
15,10.413
15,10.412
15,10.411
15,10.41
15,10.409
15,10.408
15,10.407
15,10.405
15,10.404
15,10.403
15,10.402
15,10.401
15,10.4
15,10.399
15,10.398
15,10.396
15,10.395
15,10.394
15,10.393
15,10.392
15,10.39
15,10.389
15,10.388
15,10.387
15,10.385
15,10.384
15,10.383
15,10.381
15,10.38
15,10.379
15,10.377
15,10.376
15,10.374
15,10.373
15,10.372
15,10.37
15,10.369
15,10.367
15,10.366
15,10.364
15,10.363
15,10.361
15,10.36
15,10.358
15,10.357
15,10.355
15,10.354
15,10.352
15,10.351
15,10.349
15,10.347
15,10.346
15,10.344
15,10.342
15,10.341
15,10.339
15,10.337
15,10.336
15,10.334
15,10.332
15,10.331
15,10.329
15,10.327
15,10.325
15,10.323
15,10.322
15,10.32
15,10.318
15,10.316
15,10.314
15,10.312
15,10.311
15,10.309
15,10.307
15,10.305
15,10.303
15,10.301
15,10.299
15,10.297
15,10.295
15,10.293
15,10.291
15,10.289
15,10.287
15,10.285
15,10.283
15,10.281
15,10.279
15,10.277
15,10.275
15,10.273
15,10.27
15,10.268
15,10.266
15,10.264
15,10.262
15,10.26
15,10.257
15,10.255
15,10.253
15,10.251
15,10.249
15,10.246
15,10.244
15,10.242
15,10.239
15,10.237
15,10.235
15,10.232
15,10.23
15,10.228
15,10.225
15,10.223
15,10.221
15,10.218
15,10.216
15,10.213
15,10.211
15,10.209
15,10.206
15,10.204
15,10.201
15,10.199
15,10.196
15,10.194
15,10.191
15,10.188
15,10.186
15,10.183
15,10.181
15,10.178
15,10.176
15,10.173
15,10.17
15,10.168
15,10.165
15,10.162
15,10.16
15,10.157
15,10.154
15,10.151
15,10.149
15,10.146
15,10.143
15,10.14
15,10.138
15,10.135
15,10.132
15,10.129
15,10.126
15,10.124
15,10.121
15,10.118
15,10.115
15,10.112
15,10.109
15,10.106
15,10.103
15,10.1
15,10.098
15,10.095
15,10.092
15,10.089
15,10.086
15,10.083
15,10.08
15,10.077
15,10.074
15,10.07
15,10.067
15,10.064
15,10.061
15,10.058
15,10.055
15,10.052
15,10.049
15,10.046
15,10.042
15,10.039
15,10.036
15,10.033
15,10.03
15,10.026
15,10.023
15,10.02
15,10.017
15,10.013
15,10.01
15,10.007
15,10.004
15,10
15,9.997
15,9.9936
15,9.9903
15,9.9869
15,9.9836
15,9.9802
15,9.9768
15,9.9734
15,9.97
15,9.9665
15,9.9631
15,9.9596
15,9.9562
15,9.9527
15,9.9492
15,9.9457
15,9.9422
15,9.9387
15,9.9351
15,9.9316
15,9.928
15,9.9245
15,9.9209
15,9.9173
15,9.9137
15,9.9101
15,9.9064
15,9.9028
15,9.8992
15,9.8955
15,9.8918
15,9.8881
15,9.8844
15,9.8807
15,9.877
15,9.8733
15,9.8695
15,9.8658
15,9.862
15,9.8583
15,9.8545
15,9.8507
15,9.8469
15,9.843
15,9.8392
15,9.8354
15,9.8315
15,9.8276
15,9.8238
15,9.8199
15,9.816
15,9.8121
15,9.8081
15,9.8042
15,9.8003
15,9.7963
15,9.7923
15,9.7883
15,9.7844
15,9.7804
15,9.7763
15,9.7723
15,9.7683
15,9.7642
15,9.7602
15,9.7561
15,9.752
15,9.7479
15,9.7438
15,9.7397
15,9.7356
15,9.7315
15,9.7273
15,9.7232
15,9.719
15,9.7148
15,9.7106
15,9.7064
15,9.7022
15,9.698
15,9.6937
15,9.6895
15,9.6852
15,9.681
15,9.6767
15,9.6724
15,9.6681
15,9.6638
15,9.6594
15,9.6551
15,9.6508
15,9.6464
15,9.642
15,9.6377
15,9.6333
15,9.6289
15,9.6245
15,9.62
15,9.6156
15,9.6112
15,9.6067
15,9.6022
15,9.5978
15,9.5933
15,9.5888
15,9.5843
15,9.5798
15,9.5752
15,9.5707
15,9.5661
15,9.5616
15,9.557
15,9.5524
15,9.5478
15,9.5432
15,9.5386
15,9.534
15,9.5293
15,9.5247
15,9.52
15,9.5153
15,9.5107
15,9.506
15,9.5013
15,9.4966
15,9.4918
15,9.4871
15,9.4824
15,9.4776
15,9.4728
15,9.4681
15,9.4633
15,9.4585
15,9.4537
15,9.4489
15,9.444
15,9.4392
15,9.4343
15,9.4295
15,9.4246
15,9.4197
15,9.4148
15,9.4099
15,9.405
15,9.4001
15,9.3952
15,9.3902
15,9.3853
15,9.3803
15,9.3753
15,9.3703
15,9.3653
15,9.3603
15,9.3553
15,9.3503
15,9.3453
15,9.3402
15,9.3352
15,9.3301
15,9.325
15,9.3199
15,9.3148
15,9.3097
15,9.3046
15,9.2995
15,9.2943
15,9.2892
15,9.284
15,9.2789
15,9.2737
15,9.2685
15,9.2633
15,9.2581
15,9.2529
15,9.2476
15,9.2424
15,9.2371
15,9.2319
15,9.2266
15,9.2213
15,9.216
15,9.2107
15,9.2054
15,9.2001
15,9.1948
15,9.1894
15,9.1841
15,9.1787
15,9.1734
15,9.168
15,9.1626
15,9.1572
15,9.1518
15,9.1464
15,9.1409
15,9.1355
15,9.13
15,9.1246
15,9.1191
15,9.1136
15,9.1082
15,9.1027
15,9.0971
15,9.0916
15,9.0861
15,9.0806
15,9.075
15,9.0695
15,9.0639
15,9.0583
15,9.0527
15,9.0471
15,9.0415
15,9.0359
15,9.0303
15,9.0247
15,9.019
15,9.0134
15,9.0077
15,9.002
15,8.9964
15,8.9907
15,8.985
15,8.9793
15,8.9735
15,8.9678
15,8.9621
15,8.9563
15,8.9506
15,8.9448
15,8.939
15,8.9333
15,8.9275
15,8.9217
15,8.9158
15,8.91
15,8.9042
15,8.8984
15,8.8925
15,8.8866
15,8.8808
15,8.8749
15,8.869
15,8.8631
15,8.8572
15,8.8513
15,8.8454
15,8.8394
15,8.8335
15,8.8275
15,8.8216
15,8.8156
15,8.8096
15,8.8036
15,8.7976
15,8.7916
15,8.7856
15,8.7796
15,8.7736
15,8.7675
15,8.7615
15,8.7554
15,8.7493
15,8.7433
15,8.7372
15,8.7311
15,8.725
15,8.7189
15,8.7127
15,8.7066
15,8.7005
15,8.6943
15,8.6882
15,8.682
15,8.6758
15,8.6696
15,8.6634
15,8.6572
15,8.651
15,8.6448
15,8.6386
15,8.6323
15,8.6261
15,8.6198
15,8.6136
15,8.6073
15,8.601
15,8.5947
15,8.5884
15,8.5821
15,8.5758
15,8.5695
15,8.5632
15,8.5568
15,8.5505
15,8.5441
15,8.5377
15,8.5314
15,8.525
15,8.5186
15,8.5122
15,8.5058
15,8.4994
15,8.4929
15,8.4865
15,8.4801
15,8.4736
15,8.4671
15,8.4607
15,8.4542
15,8.4477
15,8.4412
15,8.4347
15,8.4282
15,8.4217
15,8.4152
15,8.4086
15,8.4021
15,8.3955
15,8.389
15,8.3824
15,8.3758
15,8.3693
15,8.3627
15,8.3561
15,8.3495
15,8.3428
15,8.3362
15,8.3296
15,8.3229
15,8.3163
15,8.3096
15,8.303
15,8.2963
15,8.2896
15,8.2829
15,8.2762
15,8.2695
15,8.2628
15,8.2561
15,8.2494
15,8.2426
15,8.2359
15,8.2291
15,8.2224
15,8.2156
15,8.2088
15,8.2021
15,8.1953
15,8.1885
15,8.1817
15,8.1749
15,8.168
15,8.1612
15,8.1544
15,8.1475
15,8.1407
15,8.1338
15,8.1269
15,8.1201
15,8.1132
15,8.1063
15,8.0994
15,8.0925
15,8.0856
15,8.0787
15,8.0717
15,8.0648
15,8.0579
15,8.0509
15,8.0439
15,8.037
15,8.03
15,8.023
15,8.016
15,8.009
15,8.002
15,7.995
15,7.988
15,7.981
15,7.974
15,7.9669
15,7.9599
15,7.9528
15,7.9458
15,7.9387
15,7.9316
15,7.9245
15,7.9174
15,7.9103
15,7.9032
15,7.8961
15,7.889
15,7.8819
15,7.8748
15,7.8676
15,7.8605
15,7.8533
15,7.8462
15,7.839
15,7.8318
15,7.8246
15,7.8175
15,7.8103
15,7.8031
15,7.7958
15,7.7886
15,7.7814
15,7.7742
15,7.7669
15,7.7597
15,7.7524
15,7.7452
15,7.7379
15,7.7307
15,7.7234
15,7.7161
15,7.7088
15,7.7015
15,7.6942
15,7.6869
15,7.6796
15,7.6723
15,7.6649
15,7.6576
15,7.6502
15,7.6429
15,7.6355
15,7.6282
15,7.6208
15,7.6134
15,7.606
15,7.5987
15,7.5913
15,7.5839
15,7.5764
15,7.569
15,7.5616
15,7.5542
15,7.5467
15,7.5393
15,7.5319
15,7.5244
15,7.5169
15,7.5095
15,7.502
15,7.4945
15,7.487
15,7.4796
15,7.4721
15,7.4646
15,7.457
15,7.4495
15,7.442
15,7.4345
15,7.427
15,7.4194
15,7.4119
15,7.4043
15,7.3968
15,7.3892
15,7.3816
15,7.374
15,7.3665
15,7.3589
15,7.3513
15,7.3437
15,7.3361
15,7.3285
15,7.3208
15,7.3132
15,7.3056
15,7.298
15,7.2903
15,7.2827
15,7.275
15,7.2674
15,7.2597
15,7.252
15,7.2444
15,7.2367
15,7.229
15,7.2213
15,7.2136
15,7.2059
15,7.1982
15,7.1905
15,7.1827
15,7.175
15,7.1673
15,7.1596
15,7.1518
15,7.1441
15,7.1363
15,7.1286
15,7.1208
15,7.113
15,7.1052
15,7.0975
15,7.0897
15,7.0819
15,7.0741
15,7.0663
15,7.0585
15,7.0507
15,7.0429
15,7.035
15,7.0272
15,7.0194
15,7.0115
15,7.0037
15,6.9958
15,6.988
15,6.9801
15,6.9723
15,6.9644
15,6.9565
15,6.9486
15,6.9408
15,6.9329
15,6.925
15,6.9171
15,6.9092
15,6.9013
15,6.8933
15,6.8854
15,6.8775
15,6.8696
15,6.8616
15,6.8537
15,6.8458
15,6.8378
15,6.8299
15,6.8219
15,6.8139
15,6.806
15,6.798
15,6.79
15,6.782
15,6.774
15,6.7661
15,6.7581
15,6.7501
15,6.7421
15,6.734
15,6.726
15,6.718
15,6.71
15,6.702
15,6.6939
15,6.6859
15,6.6779
15,6.6698
15,6.6618
15,6.6537
15,6.6456
15,6.6376
15,6.6295
15,6.6214
15,6.6134
15,6.6053
15,6.5972
15,6.5891
15,6.581
15,6.5729
15,6.5648
15,6.5567
15,6.5486
15,6.5405
15,6.5324
15,6.5243
15,6.5161
15,6.508
15,6.4999
15,6.4917
15,6.4836
15,6.4754
15,6.4673
15,6.4591
15,6.451
15,6.4428
15,6.4346
15,6.4265
15,6.4183
15,6.4101
15,6.4019
15,6.3937
15,6.3856
15,6.3774
15,6.3692
15,6.361
15,6.3528
15,6.3446
15,6.3363
15,6.3281
15,6.3199
15,6.3117
15,6.3035
15,6.2952
15,6.287
15,6.2788
15,6.2705
15,6.2623
15,6.254
15,6.2458
15,6.2375
15,6.2292
15,6.221
15,6.2127
15,6.2045
15,6.1962
15,6.1879
15,6.1796
15,6.1713
15,6.1631
15,6.1548
15,6.1465
15,6.1382
15,6.1299
15,6.1216
15,6.1133
15,6.105
15,6.0966
15,6.0883
15,6.08
15,6.0717
15,6.0634
15,6.055
15,6.0467
15,6.0384
15,6.03
15,6.0217
15,6.0133
15,6.005
15,5.9967
15,5.9883
15,5.9799
15,5.9716
15,5.9632
15,5.9549
15,5.9465
15,5.9381
15,5.9298
15,5.9214
15,5.913
15,5.9046
15,5.8962
15,5.8878
15,5.8795
15,5.8711
15,5.8627
15,5.8543
15,5.8459
15,5.8375
15,5.8291
15,5.8207
15,5.8123
15,5.8038
15,5.7954
15,5.787
15,5.7786
15,5.7702
15,5.7617
15,5.7533
15,5.7449
15,5.7364
15,5.728
15,5.7196
15,5.7111
15,5.7027
15,5.6942
15,5.6858
15,5.6774
15,5.6689
15,5.6604
15,5.652
15,5.6435
15,5.6351
15,5.6266
15,5.6181
15,5.6097
15,5.6012
15,5.5927
15,5.5843
15,5.5758
15,5.5673
15,5.5588
15,5.5504
15,5.5419
15,5.5334
15,5.5249
15,5.5164
15,5.5079
15,5.4994
15,5.4909
15,5.4824
15,5.4739
15,5.4654
15,5.4569
15,5.4484
15,5.4399
15,5.4314
15,5.4229
15,5.4144
15,5.4059
15,5.3974
15,5.3889
15,5.3804
15,5.3718
15,5.3633
15,5.3548
15,5.3463
15,5.3377
15,5.3292
15,5.3207
15,5.3122
15,5.3036
15,5.2951
15,5.2866
15,5.278
15,5.2695
15,5.261
15,5.2524
15,5.2439
15,5.2353
15,5.2268
15,5.2182
15,5.2097
15,5.2012
15,5.1926
15,5.1841
15,5.1755
15,5.167
15,5.1584
15,5.1498
15,5.1413
15,5.1327
15,5.1242
15,5.1156
15,5.1071
15,5.0985
15,5.0899
15,5.0814
15,5.0728
15,5.0642
15,5.0557
15,5.0471
15,5.0386
15,5.03
15,5.0214
15,5.0128
15,5.0043
15,4.9957
15,4.9871
15,4.9786
15,4.97
15,4.9614
15,4.9528
15,4.9443
15,4.9357
15,4.9271
15,4.9185
15,4.91
15,4.9014
15,4.8928
15,4.8842
15,4.8756
15,4.8671
15,4.8585
15,4.8499
15,4.8413
15,4.8327
15,4.8241
15,4.8156
15,4.807
15,4.7984
15,4.7898
15,4.7812
15,4.7726
15,4.7641
15,4.7555
15,4.7469
15,4.7383
15,4.7297
15,4.7211
15,4.7125
15,4.704
15,4.6954
15,4.6868
15,4.6782
15,4.6696
15,4.661
15,4.6524
15,4.6438
15,4.6353
15,4.6267
15,4.6181
15,4.6095
15,4.6009
15,4.5923
15,4.5837
15,4.5752
15,4.5666
15,4.558
15,4.5494
15,4.5408
15,4.5322
15,4.5236
15,4.5151
15,4.5065
15,4.4979
15,4.4893
15,4.4807
15,4.4721
15,4.4635
15,4.455
15,4.4464
15,4.4378
15,4.4292
15,4.4206
15,4.4121
15,4.4035
15,4.3949
15,4.3863
15,4.3777
15,4.3692
15,4.3606
15,4.352
15,4.3434
15,4.3349
15,4.3263
15,4.3177
15,4.3091
15,4.3006
15,4.292
15,4.2834
15,4.2748
15,4.2663
15,4.2577
15,4.2491
15,4.2406
15,4.232
15,4.2234
15,4.2149
15,4.2063
15,4.1978
15,4.1892
15,4.1806
15,4.1721
15,4.1635
15,4.155
15,4.1464
15,4.1378
15,4.1293
15,4.1207
15,4.1122
15,4.1036
15,4.0951
15,4.0865
15,4.078
15,4.0694
15,4.0609
15,4.0524
15,4.0438
15,4.0353
15,4.0267
15,4.0182
15,4.0097
15,4.0011
15,3.9926
15,3.9841
15,3.9755
15,3.967
15,3.9585
15,3.9499
15,3.9414
15,3.9329
15,3.9244
15,3.9159
15,3.9073
15,3.8988
15,3.8903
15,3.8818
15,3.8733
15,3.8648
15,3.8563
15,3.8478
15,3.8392
15,3.8307
15,3.8222
15,3.8137
15,3.8052
15,3.7967
15,3.7883
15,3.7798
15,3.7713
15,3.7628
15,3.7543
15,3.7458
15,3.7373
15,3.7288
15,3.7204
15,3.7119
15,3.7034
15,3.6949
15,3.6865
15,3.678
15,3.6695
15,3.6611
15,3.6526
15,3.6441
15,3.6357
15,3.6272
15,3.6188
15,3.6103
15,3.6019
15,3.5934
15,3.585
15,3.5765
15,3.5681
15,3.5597
15,3.5512
15,3.5428
15,3.5344
15,3.5259
15,3.5175
15,3.5091
15,3.5007
15,3.4923
15,3.4838
15,3.4754
15,3.467
15,3.4586
15,3.4502
15,3.4418
15,3.4334
15,3.425
15,3.4166
15,3.4082
15,3.3998
15,3.3914
15,3.3831
15,3.3747
15,3.3663
15,3.3579
15,3.3495
15,3.3412
15,3.3328
15,3.3244
15,3.3161
15,3.3077
15,3.2994
15,3.291
15,3.2827
15,3.2743
15,3.266
15,3.2576
15,3.2493
15,3.241
15,3.2326
15,3.2243
15,3.216
15,3.2077
15,3.1993
15,3.191
15,3.1827
15,3.1744
15,3.1661
15,3.1578
15,3.1495
15,3.1412
15,3.1329
15,3.1246
15,3.1163
15,3.108
15,3.0998
15,3.0915
15,3.0832
15,3.0749
15,3.0667
15,3.0584
15,3.0501
15,3.0419
15,3.0336
15,3.0254
15,3.0171
15,3.0089
15,3.0007
15,2.9924
15,2.9842
15,2.976
15,2.9677
15,2.9595
15,2.9513
15,2.9431
15,2.9349
15,2.9267
15,2.9185
15,2.9103
15,2.9021
15,2.8939
15,2.8857
15,2.8775
15,2.8693
15,2.8612
15,2.853
15,2.8448
15,2.8367
15,2.8285
15,2.8204
15,2.8122
15,2.8041
15,2.7959
15,2.7878
15,2.7796
15,2.7715
15,2.7634
15,2.7553
15,2.7471
15,2.739
15,2.7309
15,2.7228
15,2.7147
15,2.7066
15,2.6985
15,2.6904
15,2.6823
15,2.6743
15,2.6662
15,2.6581
15,2.65
15,2.642
15,2.6339
15,2.6259
15,2.6178
15,2.6098
15,2.6017
15,2.5937
15,2.5857
15,2.5776
15,2.5696
15,2.5616
15,2.5536
15,2.5456
15,2.5376
15,2.5296
15,2.5216
15,2.5136
15,2.5056
15,2.4976
15,2.4896
15,2.4817
15,2.4737
15,2.4657
15,2.4578
15,2.4498
15,2.4419
15,2.4339
15,2.426
15,2.418
15,2.4101
15,2.4022
15,2.3943
15,2.3864
15,2.3784
15,2.3705
15,2.3626
15,2.3547
15,2.3469
15,2.339
15,2.3311
15,2.3232
15,2.3153
15,2.3075
15,2.2996
15,2.2918
15,2.2839
15,2.2761
15,2.2682
15,2.2604
15,2.2526
15,2.2447
15,2.2369
15,2.2291
15,2.2213
15,2.2135
15,2.2057
15,2.1979
15,2.1901
15,2.1823
15,2.1746
15,2.1668
15,2.159
15,2.1513
15,2.1435
15,2.1358
15,2.128
15,2.1203
15,2.1126
15,2.1048
15,2.0971
15,2.0894
15,2.0817
15,2.074
15,2.0663
15,2.0586
15,2.0509
15,2.0432
15,2.0355
15,2.0279
15,2.0202
15,2.0126
15,2.0049
15,1.9973
15,1.9896
15,1.982
15,1.9743
15,1.9667
15,1.9591
15,1.9515
15,1.9439
15,1.9363
15,1.9287
15,1.9211
15,1.9135
15,1.9059
15,1.8984
15,1.8908
15,1.8832
15,1.8757
15,1.8681
15,1.8606
15,1.8531
15,1.8455
15,1.838
15,1.8305
15,1.823
15,1.8155
15,1.808
15,1.8005
15,1.793
15,1.7855
15,1.7781
15,1.7706
15,1.7631
15,1.7557
15,1.7482
15,1.7408
15,1.7334
15,1.7259
15,1.7185
15,1.7111
15,1.7037
15,1.6963
15,1.6889
15,1.6815
15,1.6741
15,1.6667
15,1.6594
15,1.652
15,1.6446
15,1.6373
15,1.6299
15,1.6226
15,1.6153
15,1.608
15,1.6006
15,1.5933
15,1.586
15,1.5787
15,1.5714
15,1.5641
15,1.5569
15,1.5496
15,1.5423
15,1.5351
15,1.5278
15,1.5206
15,1.5133
15,1.5061
15,1.4989
15,1.4917
15,1.4845
15,1.4773
15,1.4701
15,1.4629
15,1.4557
15,1.4485
15,1.4413
15,1.4342
15,1.427
15,1.4199
15,1.4127
15,1.4056
15,1.3985
15,1.3914
15,1.3843
15,1.3772
15,1.3701
15,1.363
15,1.3559
15,1.3488
15,1.3417
15,1.3347
15,1.3276
15,1.3206
15,1.3135
15,1.3065
15,1.2995
15,1.2925
15,1.2854
15,1.2784
15,1.2715
15,1.2645
15,1.2575
15,1.2505
15,1.2435
15,1.2366
15,1.2296
15,1.2227
15,1.2158
15,1.2088
15,1.2019
15,1.195
15,1.1881
15,1.1812
15,1.1743
15,1.1674
15,1.1605
15,1.1537
15,1.1468
15,1.1399
15,1.1331
15,1.1263
15,1.1194
15,1.1126
15,1.1058
15,1.099
15,1.0922
15,1.0854
15,1.0786
15,1.0718
15,1.0651
15,1.0583
15,1.0516
15,1.0448
15,1.0381
15,1.0313
15,1.0246
15,1.0179
15,1.0112
15,1.0045
15,0.99782
15,0.99114
15,0.98447
15,0.9778
15,0.97114
15,0.96449
15,0.95785
15,0.95122
15,0.9446
15,0.93798
15,0.93137
15,0.92477
15,0.91818
15,0.91159
15,0.90501
15,0.89845
15,0.89189
15,0.88533
15,0.87879
15,0.87226
15,0.86573
15,0.85921
15,0.8527
15,0.8462
15,0.8397
15,0.83322
15,0.82674
15,0.82027
15,0.81381
15,0.80736
15,0.80091
15,0.79448
15,0.78805
15,0.78163
15,0.77522
15,0.76882
15,0.76243
15,0.75604
15,0.74966
15,0.7433
15,0.73694
15,0.73059
15,0.72424
15,0.71791
15,0.71159
15,0.70527
15,0.69896
15,0.69266
15,0.68637
15,0.68009
15,0.67382
15,0.66755
15,0.66129
15,0.65505
15,0.64881
15,0.64258
15,0.63636
15,0.63015
15,0.62394
15,0.61775
15,0.61156
15,0.60538
15,0.59922
15,0.59306
15,0.58691
15,0.58076
15,0.57463
15,0.56851
15,0.56239
15,0.55629
15,0.55019
15,0.5441
15,0.53802
15,0.53195
15,0.52589
15,0.51984
15,0.51379
15,0.50776
15,0.50173
15,0.49572
15,0.48971
15,0.48371
15,0.47772
15,0.47174
15,0.46577
15,0.45981
15,0.45386
15,0.44791
15,0.44198
15,0.43606
15,0.43014
15,0.42423
15,0.41834
15,0.41245
15,0.40657
15,0.4007
15,0.39484
15,0.38899
15,0.38315
15,0.37731
15,0.37149
15,0.36568
15,0.35987
15,0.35408
15,0.34829
15,0.34251
15,0.33675
15,0.33099
15,0.32524
15,0.3195
15,0.31377
15,0.30805
15,0.30234
15,0.29664
15,0.29095
15,0.28527
15,0.2796
15,0.27393
15,0.26828
15,0.26264
15,0.257
15,0.25138
15,0.24576
15,0.24016
15,0.23456
15,0.22898
15,0.2234
15,0.21783
15,0.21228
15,0.20673
15,0.20119
15,0.19566
15,0.19015
15,0.18464
15,0.17914
15,0.17365
15,0.16817
14.985,0.1627
14.961,0.15724
14.938,0.15179
14.914,0.14635
14.89,0.14092
14.866,0.1355
14.842,0.13009
14.818,0.12469
14.794,0.1193
14.77,0.11392
14.746,0.10855
14.722,0.10319
14.698,0.097836
14.674,0.092494
14.65,0.087163
14.626,0.081842
14.602,0.076531
14.578,0.071229
14.555,0.065938
14.531,0.060657
14.507,0.055385
14.483,0.050124
14.459,0.044873
14.435,0.039632
14.411,0.034401
14.387,0.029179
14.363,0.023968
14.34,0.018768
14.316,0.013577
14.292,0.0083962
14.268,0.0032257
14.244,-0.0019347
14.22,-0.0070849
14.196,-0.012225
14.172,-0.017355
14.149,-0.022475
14.125,-0.027584
14.101,-0.032683
14.077,-0.037772
14.053,-0.042851
14.029,-0.04792
14.006,-0.052978
13.982,-0.058026
13.958,-0.063064
13.934,-0.068092
13.91,-0.073109
13.886,-0.078116
13.863,-0.083112
13.839,-0.088099
13.815,-0.093075
13.791,-0.09804
13.768,-0.103
13.744,-0.10794
13.72,-0.11287
13.696,-0.1178
13.672,-0.12271
13.649,-0.12762
13.625,-0.13251
13.601,-0.13739
13.577,-0.14226
13.554,-0.14712
13.53,-0.15198
13.506,-0.15682
13.483,-0.16165
13.459,-0.16647
13.435,-0.17127
13.411,-0.17607
13.388,-0.18086
13.364,-0.18564
13.34,-0.1904
13.317,-0.19516
13.293,-0.19991
13.269,-0.20464
13.246,-0.20937
13.222,-0.21408
13.198,-0.21878
13.175,-0.22348
13.151,-0.22816
13.127,-0.23283
13.104,-0.23749
13.08,-0.24214
13.057,-0.24678
13.033,-0.25141
13.009,-0.25603
12.986,-0.26063
12.962,-0.26523
12.939,-0.26982
12.915,-0.27439
12.891,-0.27896
12.868,-0.28351
12.844,-0.28805
12.821,-0.29258
12.797,-0.29711
12.774,-0.30162
12.75,-0.30612
12.727,-0.3106
12.703,-0.31508
12.68,-0.31955
12.656,-0.32401
12.633,-0.32845
12.609,-0.33289
12.586,-0.33731
12.562,-0.34172
12.539,-0.34612
12.515,-0.35052
12.492,-0.3549
12.468,-0.35927
12.445,-0.36362
12.422,-0.36797
12.398,-0.37231
12.375,-0.37663
12.351,-0.38095
12.328,-0.38525
12.305,-0.38954
12.281,-0.39382
12.258,-0.39809
12.235,-0.40235
12.211,-0.4066
12.188,-0.41084
12.164,-0.41507
12.141,-0.41928
12.118,-0.42349
12.095,-0.42768
12.071,-0.43186
12.048,-0.43603
12.025,-0.44019
12.001,-0.44434
11.978,-0.44848
11.955,-0.4526
11.932,-0.45672
11.908,-0.46082
11.885,-0.46492
11.862,-0.469
11.839,-0.47307
11.816,-0.47713
11.792,-0.48118
11.769,-0.48522
11.746,-0.48924
11.723,-0.49326
11.7,-0.49726
11.677,-0.50125
11.653,-0.50523
11.63,-0.5092
11.607,-0.51316
11.584,-0.51711
11.561,-0.52104
11.538,-0.52497
11.515,-0.52888
11.492,-0.53278
11.469,-0.53667
11.446,-0.54055
11.423,-0.54442
11.399,-0.54828
11.376,-0.55212
11.353,-0.55596
11.33,-0.55978
11.307,-0.56359
11.284,-0.56739
11.262,-0.57118
11.239,-0.57496
11.216,-0.57872
11.193,-0.58248
11.17,-0.58622
11.147,-0.58995
11.124,-0.59367
11.101,-0.59738
11.078,-0.60108
11.055,-0.60476
11.032,-0.60844
11.01,-0.6121
10.987,-0.61575
10.964,-0.61939
10.941,-0.62302
10.918,-0.62664
10.895,-0.63024
10.873,-0.63384
10.85,-0.63742
10.827,-0.64099
10.804,-0.64455
10.782,-0.6481
10.759,-0.65163
10.736,-0.65516
10.713,-0.65867
10.691,-0.66217
10.668,-0.66566
10.645,-0.66914
10.623,-0.6726
10.6,-0.67606
10.577,-0.6795
10.555,-0.68293
10.532,-0.68635
10.51,-0.68976
10.487,-0.69316
10.464,-0.69654
10.442,-0.69992
10.419,-0.70328
10.397,-0.70663
10.374,-0.70997
10.352,-0.71329
10.329,-0.71661
10.307,-0.71991
10.284,-0.7232
10.262,-0.72648
10.239,-0.72975
10.217,-0.733
10.194,-0.73625
10.172,-0.73948
10.15,-0.7427
10.127,-0.74591
10.105,-0.74911
10.082,-0.75229
10.06,-0.75547
10.038,-0.75863
10.015,-0.76178
9.9932,-0.76492
9.9709,-0.76805
9.9486,-0.77116
9.9263,-0.77426
9.904,-0.77735
9.8818,-0.78043
9.8596,-0.7835
9.8373,-0.78656
9.8151,-0.7896
9.7929,-0.79263
9.7707,-0.79565
9.7486,-0.79866
9.7264,-0.80165
9.7043,-0.80464
9.6822,-0.80761
9.66,-0.81057
9.638,-0.81352
9.6159,-0.81646
9.5938,-0.81938
9.5717,-0.82229
9.5497,-0.82519
9.5277,-0.82808
9.5057,-0.83096
9.4837,-0.83382
9.4617,-0.83668
9.4397,-0.83952
9.4177,-0.84235
9.3958,-0.84516
9.3739,-0.84797
9.3519,-0.85076
9.33,-0.85354
9.3082,-0.85631
9.2863,-0.85907
9.2644,-0.86181
9.2426,-0.86454
9.2208,-0.86727
9.199,-0.86997
9.1772,-0.87267
9.1554,-0.87535
9.1336,-0.87803
9.1119,-0.88069
9.0901,-0.88334
9.0684,-0.88597
9.0467,-0.8886
9.025,-0.89121
9.0033,-0.89381
8.9817,-0.8964
8.96,-0.89897
8.9384,-0.90154
8.9168,-0.90409
8.8952,-0.90663
8.8736,-0.90915
8.852,-0.91167
8.8305,-0.91417
8.8089,-0.91666
8.7874,-0.91914
8.7659,-0.92161
8.7444,-0.92406
8.7229,-0.92651
8.7015,-0.92894
8.68,-0.93135
8.6586,-0.93376
8.6372,-0.93615
8.6158,-0.93853
8.5944,-0.9409
8.5731,-0.94326
8.5517,-0.9456
8.5304,-0.94794
8.5091,-0.95026
8.4878,-0.95256
8.4665,-0.95486
8.4452,-0.95714
8.424,-0.95942
8.4027,-0.96167
8.3815,-0.96392
8.3603,-0.96616
8.3392,-0.96838
8.318,-0.97059
8.2968,-0.97279
8.2757,-0.97497
8.2546,-0.97714
8.2335,-0.97931
8.2124,-0.98145
8.1914,-0.98359
8.1703,-0.98571
8.1493,-0.98783
8.1283,-0.98993
8.1073,-0.99201
8.0863,-0.99409
8.0653,-0.99615
8.0444,-0.9982
8.0235,-1.0002
8.0026,-1.0023
7.9817,-1.0043
7.9608,-1.0063
7.9399,-1.0083
7.9191,-1.0102
7.8983,-1.0122
7.8775,-1.0142
7.8567,-1.0161
7.8359,-1.018
7.8152,-1.0199
7.7944,-1.0218
7.7737,-1.0237
7.753,-1.0256
7.7324,-1.0275
7.7117,-1.0293
7.6911,-1.0312
7.6704,-1.033
7.6498,-1.0348
7.6292,-1.0366
7.6087,-1.0384
7.5881,-1.0402
7.5676,-1.0419
7.5471,-1.0437
7.5266,-1.0454
7.5061,-1.0472
7.4856,-1.0489
7.4652,-1.0506
7.4448,-1.0523
7.4244,-1.054
7.404,-1.0556
7.3836,-1.0573
7.3633,-1.0589
7.343,-1.0605
7.3227,-1.0622
7.3024,-1.0638
7.2821,-1.0654
7.2618,-1.0669
7.2416,-1.0685
7.2214,-1.0701
7.2012,-1.0716
7.181,-1.0731
7.1609,-1.0746
7.1407,-1.0761
7.1206,-1.0776
7.1005,-1.0791
7.0804,-1.0806
7.0604,-1.082
7.0403,-1.0835
7.0203,-1.0849
7.0003,-1.0863
6.9803,-1.0877
6.9604,-1.0891
6.9404,-1.0905
6.9205,-1.0919
6.9006,-1.0932
6.8807,-1.0946
6.8609,-1.0959
6.841,-1.0972
6.8212,-1.0985
6.8014,-1.0998
6.7816,-1.1011
6.7619,-1.1023
6.7421,-1.1036
6.7224,-1.1048
6.7027,-1.1061
6.683,-1.1073
6.6634,-1.1085
6.6437,-1.1097
6.6241,-1.1108
6.6045,-1.112
6.5849,-1.1132
6.5654,-1.1143
6.5458,-1.1154
6.5263,-1.1165
6.5068,-1.1176
6.4874,-1.1187
6.4679,-1.1198
6.4485,-1.1209
6.4291,-1.1219
6.4097,-1.123
6.3903,-1.124
6.3709,-1.125
6.3516,-1.126
6.3323,-1.127
6.313,-1.128
6.2938,-1.1289
6.2745,-1.1299
6.2553,-1.1308
6.2361,-1.1318
6.2169,-1.1327
6.1977,-1.1336
6.1786,-1.1345
6.1595,-1.1353
6.1404,-1.1362
6.1213,-1.137
6.1023,-1.1379
6.0832,-1.1387
6.0642,-1.1395
6.0453,-1.1403
6.0263,-1.1411
6.0073,-1.1419
5.9884,-1.1426
5.9695,-1.1434
5.9506,-1.1441
5.9318,-1.1448
5.913,-1.1456
5.8941,-1.1463
5.8754,-1.1469
5.8566,-1.1476
5.8378,-1.1483
5.8191,-1.1489
5.8004,-1.1496
5.7817,-1.1502
5.7631,-1.1508
5.7445,-1.1514
5.7258,-1.152
5.7073,-1.1525
5.6887,-1.1531
5.6701,-1.1537
5.6516,-1.1542
5.6331,-1.1547
5.6146,-1.1552
5.5962,-1.1557
5.5778,-1.1562
5.5594,-1.1567
5.541,-1.1571
5.5226,-1.1576
5.5043,-1.158
5.486,-1.1584
5.4677,-1.1588
5.4494,-1.1592
5.4311,-1.1596
5.4129,-1.16
5.3947,-1.1603
5.3765,-1.1607
5.3584,-1.161
5.3402,-1.1613
5.3221,-1.1616
5.3041,-1.1619
5.286,-1.1622
5.268,-1.1625
5.2499,-1.1627
5.2319,-1.163
5.214,-1.1632
5.196,-1.1634
5.1781,-1.1636
5.1602,-1.1638
5.1423,-1.164
5.1245,-1.1641
5.1067,-1.1643
5.0889,-1.1644
5.0711,-1.1646
5.0533,-1.1647
5.0356,-1.1648
5.0179,-1.1649
5.0002,-1.165
4.9826,-1.165
4.9649,-1.1651
4.9473,-1.1651
4.9297,-1.1651
4.9122,-1.1651
4.8946,-1.1651
4.8771,-1.1651
4.8596,-1.1651
4.8422,-1.1651
4.8247,-1.165
4.8073,-1.165
4.7899,-1.1649
4.7725,-1.1648
4.7552,-1.1647
4.7379,-1.1646
4.7206,-1.1645
4.7033,-1.1643
4.6861,-1.1642
4.6689,-1.164
4.6517,-1.1638
4.6345,-1.1636
4.6173,-1.1634
4.6002,-1.1632
4.5831,-1.163
4.5661,-1.1628
4.549,-1.1625
4.532,-1.1622
4.515,-1.162
4.498,-1.1617
4.4811,-1.1614
4.4642,-1.161
4.4473,-1.1607
4.4304,-1.1604
4.4135,-1.16
4.3967,-1.1596
4.3799,-1.1593
4.3632,-1.1589
4.3464,-1.1585
4.3297,-1.1581
4.313,-1.1576
4.2963,-1.1572
4.2797,-1.1567
4.2631,-1.1563
4.2465,-1.1558
4.2299,-1.1553
4.2134,-1.1548
4.1969,-1.1543
4.1804,-1.1537
4.1639,-1.1532
4.1475,-1.1526
4.1311,-1.152
4.1147,-1.1515
4.0983,-1.1509
4.082,-1.1503
4.0657,-1.1496
4.0494,-1.149
4.0332,-1.1484
4.0169,-1.1477
4.0007,-1.147
3.9846,-1.1463
3.9684,-1.1457
3.9523,-1.1449
3.9362,-1.1442
3.9201,-1.1435
3.9041,-1.1427
3.8881,-1.142
3.8721,-1.1412
3.8561,-1.1404
3.8402,-1.1396
3.8243,-1.1388
3.8084,-1.138
3.7925,-1.1372
3.7767,-1.1363
3.7609,-1.1354
3.7451,-1.1346
3.7294,-1.1337
3.7136,-1.1328
3.6979,-1.1319
3.6823,-1.131
3.6666,-1.13
3.651,-1.1291
3.6354,-1.1281
3.6199,-1.1271
3.6043,-1.1261
3.5888,-1.1251
3.5733,-1.1241
3.5579,-1.1231
3.5425,-1.1221
3.5271,-1.121
3.5117,-1.12
3.4963,-1.1189
3.481,-1.1178
3.4657,-1.1167
3.4505,-1.1156
3.4352,-1.1145
3.42,-1.1133
3.4048,-1.1122
3.3897,-1.111
3.3746,-1.1098
3.3595,-1.1086
3.3444,-1.1074
3.3293,-1.1062
3.3143,-1.105
3.2993,-1.1038
3.2844,-1.1025
3.2694,-1.1012
3.2545,-1.1
3.2397,-1.0987
3.2248,-1.0974
3.21,-1.0961
3.1952,-1.0947
3.1804,-1.0934
3.1657,-1.092
3.151,-1.0907
3.1363,-1.0893
3.1217,-1.0879
3.107,-1.0865
3.0924,-1.0851
3.0779,-1.0837
3.0633,-1.0822
3.0488,-1.0808
3.0343,-1.0793
3.0199,-1.0778
3.0055,-1.0763
2.9911,-1.0748
2.9767,-1.0733
2.9623,-1.0718
2.948,-1.0703
2.9337,-1.0687
2.9195,-1.0671
2.9053,-1.0656
2.8911,-1.064
2.8769,-1.0624
2.8628,-1.0608
2.8486,-1.0591
2.8346,-1.0575
2.8205,-1.0558
2.8065,-1.0542
2.7925,-1.0525
2.7785,-1.0508
2.7646,-1.0491
2.7507,-1.0474
2.7368,-1.0457
2.7229,-1.0439
2.7091,-1.0422
2.6953,-1.0404
2.6815,-1.0386
2.6678,-1.0368
2.6541,-1.035
2.6404,-1.0332
2.6268,-1.0314
2.6131,-1.0296
2.5995,-1.0277
2.586,-1.0259
2.5725,-1.024
2.5589,-1.0221
2.5455,-1.0202
2.532,-1.0183
2.5186,-1.0164
2.5052,-1.0144
2.4919,-1.0125
2.4785,-1.0105
2.4652,-1.0085
2.452,-1.0065
2.4387,-1.0045
2.4255,-1.0025
2.4124,-1.0005
2.3992,-0.99847
2.3861,-0.99642
2.373,-0.99436
2.3599,-0.99229
2.3469,-0.9902
2.3339,-0.9881
2.3209,-0.98599
2.308,-0.98387
2.2951,-0.98174
2.2822,-0.97959
2.2694,-0.97743
2.2565,-0.97526
2.2437,-0.97308
2.231,-0.97088
2.2183,-0.96867
2.2055,-0.96645
2.1929,-0.96422
2.1802,-0.96197
2.1676,-0.95971
2.155,-0.95744
2.1425,-0.95516
2.13,-0.95287
2.1175,-0.95056
2.105,-0.94824
2.0926,-0.94591
2.0802,-0.94357
2.0678,-0.94121
2.0555,-0.93885
2.0432,-0.93647
2.0309,-0.93408
2.0187,-0.93167
2.0065,-0.92926
1.9943,-0.92683
1.9821,-0.92439
1.97,-0.92193
1.9579,-0.91947
1.9458,-0.91699
1.9338,-0.9145
1.9218,-0.912
1.9098,-0.90949
1.8979,-0.90696
1.886,-0.90442
1.8741,-0.90187
1.8623,-0.89931
1.8504,-0.89674
1.8387,-0.89415
1.8269,-0.89155
1.8152,-0.88894
1.8035,-0.88632
1.7918,-0.88368
1.7802,-0.88104
1.7686,-0.87838
1.757,-0.87571
1.7455,-0.87303
1.734,-0.87033
1.7225,-0.86762
1.7111,-0.8649
1.6997,-0.86217
1.6883,-0.85943
1.6769,-0.85667
1.6656,-0.85391
1.6543,-0.85113
1.6431,-0.84834
1.6318,-0.84553
1.6207,-0.84272
1.6095,-0.83989
1.5984,-0.83705
1.5873,-0.8342
1.5762,-0.83134
1.5652,-0.82846
1.5542,-0.82558
1.5432,-0.82268
1.5322,-0.81977
1.5213,-0.81684
1.5105,-0.81391
1.4996,-0.81096
1.4888,-0.808
1.478,-0.80503
1.4673,-0.80205
1.4565,-0.79905
1.4459,-0.79605
1.4352,-0.79303
1.4246,-0.79
1.414,-0.78696
1.4034,-0.7839
1.3929,-0.78084
1.3824,-0.77776
1.3719,-0.77467
1.3615,-0.77157
1.3511,-0.76846
1.3407,-0.76533
1.3304,-0.7622
1.3201,-0.75905
1.3098,-0.75589
1.2996,-0.75271
1.2894,-0.74953
1.2792,-0.74633
1.2691,-0.74313
1.2589,-0.73991
1.2489,-0.73668
1.2388,-0.73343
1.2288,-0.73018
1.2188,-0.72691
1.2089,-0.72364
1.1989,-0.72035
1.1891,-0.71704
1.1792,-0.71373
1.1694,-0.71041
1.1596,-0.70707
1.1498,-0.70372
1.1401,-0.70036
1.1304,-0.69699
1.1208,-0.69361
1.1111,-0.69021
1.1015,-0.6868
1.092,-0.68339
1.0825,-0.67996
1.073,-0.67651
1.0635,-0.67306
1.0541,-0.6696
1.0447,-0.66612
1.0353,-0.66263
1.026,-0.65913
1.0167,-0.65562
1.0074,-0.6521
0.99816,-0.64856
0.98896,-0.64502
0.97979,-0.64146
0.97065,-0.63789
0.96155,-0.63431
0.95248,-0.63072
0.94344,-0.62711
0.93444,-0.6235
0.92546,-0.61987
0.91652,-0.61623
0.90762,-0.61258
0.89874,-0.60892
0.8899,-0.60525
0.8811,-0.60157
0.87232,-0.59787
0.86358,-0.59416
0.85487,-0.59044
0.8462,-0.58671
0.83755,-0.58297
0.82895,-0.57922
0.82037,-0.57546
0.81183,-0.57168
0.80332,-0.56789
0.79484,-0.56409
0.7864,-0.56029
0.77799,-0.55646
0.76961,-0.55263
0.76127,-0.54879
0.75296,-0.54493
0.74468,-0.54107
0.73644,-0.53719
0.72823,-0.5333
0.72005,-0.5294
0.71191,-0.52549
0.7038,-0.52156
0.69572,-0.51763
