Linux     SURVEY12/12/:818.28.15NotBatch       1       F     276
ELSA - Electron Stretcher Accelerator                                           
    INITIAL              .000000 0.000000000E+00 0.000000000E+00 0.000000000E+00
 0.000000000E+00 0.000000000E+00 0.000000000E+00 0.000000000E+00 0.000000000E+00
 0.000000000E+00 0.000000000E+00 0.000000000E+00 0.000000000E+00
 0.000000000E+00 0.000000000E+00 0.000000000E+00
MARKSTART                .000000 0.000000000E+00 0.000000000E+00 0.000000000E+00
 0.000000000E+00 0.000000000E+00 0.000000000E+00 0.000000000E+00 0.000000000E+00
 0.000000000E+00 0.000000000E+00 0.000000000E+00 0.000000000E+00
 0.000000000E+00 0.000000000E+00 0.000000000E+00
DRIF[000000]             .034150 0.000000000E+00 0.000000000E+00 0.000000000E+00
 0.000000000E+00 0.000000000E+00 0.000000000E+00 0.000000000E+00 0.000000000E+00
 0.000000000E+00 0.000000000E+00 3.415000000E-02 3.415000000E-02
 0.000000000E+00 0.000000000E+00 0.000000000E+00
QUADQD1                  .499700 0.000000000E+00-5.950000000E-01 0.000000000E+00
 0.000000000E+00 0.000000000E+00 0.000000000E+00 0.000000000E+00 0.000000000E+00
 0.000000000E+00 0.000000000E+00 5.338500000E-01 5.338500000E-01
 0.000000000E+00 0.000000000E+00 0.000000000E+00
DRIF[000001]             .016150 0.000000000E+00 0.000000000E+00 0.000000000E+00
 0.000000000E+00 0.000000000E+00 0.000000000E+00 0.000000000E+00 0.000000000E+00
 0.000000000E+00 0.000000000E+00 5.500000000E-01 5.500000000E-01
 0.000000000E+00 0.000000000E+00 0.000000000E+00
MONIBPM01                .000000 0.000000000E+00 0.000000000E+00 0.000000000E+00
 0.000000000E+00 0.000000000E+00 0.000000000E+00 0.000000000E+00 0.000000000E+00
 0.000000000E+00 0.000000000E+00 5.500000000E-01 5.500000000E-01
 0.000000000E+00 0.000000000E+00 0.000000000E+00
DRIF[000002]             .279000 0.000000000E+00 0.000000000E+00 0.000000000E+00
 0.000000000E+00 0.000000000E+00 0.000000000E+00 0.000000000E+00 0.000000000E+00
 0.000000000E+00 0.000000000E+00 8.290000000E-01 8.290000000E-01
 0.000000000E+00 0.000000000E+00 0.000000000E+00
VKICKV01                 .000000 0.000000000E+00 0.000000000E+00 0.000000000E+00
 0.000000000E+00 0.000000000E+00 0.000000000E+00 0.000000000E+00 0.000000000E+00
 0.000000000E+00 0.000000000E+00 8.290000000E-01 8.290000000E-01
 0.000000000E+00 0.000000000E+00 0.000000000E+00
DRIF[000003]            4.342650 0.000000000E+00 0.000000000E+00 0.000000000E+00
 0.000000000E+00 0.000000000E+00 0.000000000E+00 0.000000000E+00 0.000000000E+00
 0.000000000E+00 0.000000000E+00 5.171650000E+00 5.171650000E+00
 0.000000000E+00 0.000000000E+00 0.000000000E+00
QUADQF2                  .499700 0.000000000E+00 6.110000000E-01 0.000000000E+00
 0.000000000E+00 0.000000000E+00 0.000000000E+00 0.000000000E+00 0.000000000E+00
 0.000000000E+00 0.000000000E+00 5.671350000E+00 5.671350000E+00
 0.000000000E+00 0.000000000E+00 0.000000000E+00
DRIF[000004]             .018650 0.000000000E+00 0.000000000E+00 0.000000000E+00
 0.000000000E+00 0.000000000E+00 0.000000000E+00 0.000000000E+00 0.000000000E+00
 0.000000000E+00 0.000000000E+00 5.690000000E+00 5.690000000E+00
 0.000000000E+00 0.000000000E+00 0.000000000E+00
MONIBPM02                .000000 0.000000000E+00 0.000000000E+00 0.000000000E+00
 0.000000000E+00 0.000000000E+00 0.000000000E+00 0.000000000E+00 0.000000000E+00
 0.000000000E+00 0.000000000E+00 5.690000000E+00 5.690000000E+00
 0.000000000E+00 0.000000000E+00 0.000000000E+00
DRIF[000005]            1.083000 0.000000000E+00 0.000000000E+00 0.000000000E+00
 0.000000000E+00 0.000000000E+00 0.000000000E+00 0.000000000E+00 0.000000000E+00
 0.000000000E+00 0.000000000E+00 6.773000000E+00 6.773000000E+00
 0.000000000E+00 0.000000000E+00 0.000000000E+00
HKICKH02                 .000000 0.000000000E+00 0.000000000E+00 0.000000000E+00
 0.000000000E+00 0.000000000E+00 0.000000000E+00 0.000000000E+00 0.000000000E+00
 0.000000000E+00 0.000000000E+00 6.773000000E+00 6.773000000E+00
 0.000000000E+00 0.000000000E+00 0.000000000E+00
DRIF[000006]             .359700 0.000000000E+00 0.000000000E+00 0.000000000E+00
 0.000000000E+00 0.000000000E+00 0.000000000E+00 0.000000000E+00 0.000000000E+00
 0.000000000E+00 0.000000000E+00 7.132700000E+00 7.132700000E+00
 0.000000000E+00 0.000000000E+00 0.000000000E+00
SBENM2                  2.875000 2.617993878E-01 0.000000000E+00 0.000000000E+00
 0.000000000E+00 1.308996939E-01 1.308996939E-01 0.000000000E+00 0.000000000E+00
-3.741920493E-01 0.000000000E+00 9.974970797E+00 1.000770000E+01
-2.617993878E-01 0.000000000E+00 0.000000000E+00
DRIF[000007]             .301450 0.000000000E+00 0.000000000E+00 0.000000000E+00
 0.000000000E+00 0.000000000E+00 0.000000000E+00 0.000000000E+00 0.000000000E+00
-4.522130504E-01 0.000000000E+00 1.026614914E+01 1.030915000E+01
-2.617993878E-01 0.000000000E+00 0.000000000E+00
QUADQD3                  .499700 0.000000000E+00-5.930000000E-01 0.000000000E+00
 0.000000000E+00 0.000000000E+00 0.000000000E+00 0.000000000E+00 0.000000000E+00
-5.815449273E-01 0.000000000E+00 1.074882227E+01 1.080885000E+01
-2.617993878E-01 0.000000000E+00 0.000000000E+00
DRIF[000008]             .021150 0.000000000E+00 0.000000000E+00 0.000000000E+00
 0.000000000E+00 0.000000000E+00 0.000000000E+00 0.000000000E+00 0.000000000E+00
-5.870189501E-01 0.000000000E+00 1.076925160E+01 1.083000000E+01
-2.617993878E-01 0.000000000E+00 0.000000000E+00
MONIBPM03                .000000 0.000000000E+00 0.000000000E+00 0.000000000E+00
 0.000000000E+00 0.000000000E+00 0.000000000E+00 0.000000000E+00 0.000000000E+00
-5.870189501E-01 0.000000000E+00 1.076925160E+01 1.083000000E+01
-2.617993878E-01 0.000000000E+00 0.000000000E+00
DRIF[000009]             .115500 0.000000000E+00 0.000000000E+00 0.000000000E+00
 0.000000000E+00 0.000000000E+00 0.000000000E+00 0.000000000E+00 0.000000000E+00
-6.169125498E-01 0.000000000E+00 1.088081604E+01 1.094550000E+01
-2.617993878E-01 0.000000000E+00 0.000000000E+00
SEXTSD3                  .287000 0.000000000E+00 0.000000000E+00 0.000000000E+00
 0.000000000E+00 0.000000000E+00 0.000000000E+00 0.000000000E+00 0.000000000E+00
-6.911936157E-01 0.000000000E+00 1.115803675E+01 1.123250000E+01
-2.617993878E-01 0.000000000E+00 0.000000000E+00
DRIF[000010]             .486500 0.000000000E+00 0.000000000E+00 0.000000000E+00
 0.000000000E+00 0.000000000E+00 0.000000000E+00 0.000000000E+00 0.000000000E+00
-8.171090812E-01 0.000000000E+00 1.162795966E+01 1.171900000E+01
-2.617993878E-01 0.000000000E+00 0.000000000E+00
VKICKV03                 .000000 0.000000000E+00 0.000000000E+00 0.000000000E+00
 0.000000000E+00 0.000000000E+00 0.000000000E+00 0.000000000E+00 0.000000000E+00
-8.171090812E-01 0.000000000E+00 1.162795966E+01 1.171900000E+01
-2.617993878E-01 0.000000000E+00 0.000000000E+00
DRIF[000011]            2.433000 0.000000000E+00 0.000000000E+00 0.000000000E+00
 0.000000000E+00 0.000000000E+00 0.000000000E+00 0.000000000E+00 0.000000000E+00
-1.446815818E+00 0.000000000E+00 1.397805720E+01 1.415200000E+01
-2.617993878E-01 0.000000000E+00 0.000000000E+00
HKICKH03                 .000000 0.000000000E+00 0.000000000E+00 0.000000000E+00
 0.000000000E+00 0.000000000E+00 0.000000000E+00 0.000000000E+00 0.000000000E+00
-1.446815818E+00 0.000000000E+00 1.397805720E+01 1.415200000E+01
-2.617993878E-01 0.000000000E+00 0.000000000E+00
DRIF[000012]            1.294650 0.000000000E+00 0.000000000E+00 0.000000000E+00
 0.000000000E+00 0.000000000E+00 0.000000000E+00 0.000000000E+00 0.000000000E+00
-1.781895895E+00 0.000000000E+00 1.522859307E+01 1.544665000E+01
-2.617993878E-01 0.000000000E+00 0.000000000E+00
QUADQF4                  .499700 0.000000000E+00 6.130000000E-01 0.000000000E+00
 0.000000000E+00 0.000000000E+00 0.000000000E+00 0.000000000E+00 0.000000000E+00
-1.911227771E+00 0.000000000E+00 1.571126621E+01 1.594635000E+01
-2.617993878E-01 0.000000000E+00 0.000000000E+00
DRIF[000013]             .023650 0.000000000E+00 0.000000000E+00 0.000000000E+00
 0.000000000E+00 0.000000000E+00 0.000000000E+00 0.000000000E+00 0.000000000E+00
-1.917348842E+00 0.000000000E+00 1.573411035E+01 1.597000000E+01
-2.617993878E-01 0.000000000E+00 0.000000000E+00
MONIBPM04                .000000 0.000000000E+00 0.000000000E+00 0.000000000E+00
 0.000000000E+00 0.000000000E+00 0.000000000E+00 0.000000000E+00 0.000000000E+00
-1.917348842E+00 0.000000000E+00 1.573411035E+01 1.597000000E+01
-2.617993878E-01 0.000000000E+00 0.000000000E+00
DRIF[000014]             .113000 0.000000000E+00 0.000000000E+00 0.000000000E+00
 0.000000000E+00 0.000000000E+00 0.000000000E+00 0.000000000E+00 0.000000000E+00
-1.946595394E+00 0.000000000E+00 1.584325997E+01 1.608300000E+01
-2.617993878E-01 0.000000000E+00 0.000000000E+00
SEXTSF4                  .287000 0.000000000E+00 0.000000000E+00 0.000000000E+00
 0.000000000E+00 0.000000000E+00 0.000000000E+00 0.000000000E+00 0.000000000E+00
-2.020876460E+00 0.000000000E+00 1.612048068E+01 1.637000000E+01
-2.617993878E-01 0.000000000E+00 0.000000000E+00
DRIF[000015]             .262000 0.000000000E+00 0.000000000E+00 0.000000000E+00
 0.000000000E+00 0.000000000E+00 0.000000000E+00 0.000000000E+00 0.000000000E+00
-2.088687050E+00 0.000000000E+00 1.637355325E+01 1.663200000E+01
-2.617993878E-01 0.000000000E+00 0.000000000E+00
HKICKH04                 .000000 0.000000000E+00 0.000000000E+00 0.000000000E+00
 0.000000000E+00 0.000000000E+00 0.000000000E+00 0.000000000E+00 0.000000000E+00
-2.088687050E+00 0.000000000E+00 1.637355325E+01 1.663200000E+01
-2.617993878E-01 0.000000000E+00 0.000000000E+00
DRIF[000016]             .775700 0.000000000E+00 0.000000000E+00 0.000000000E+00
 0.000000000E+00 0.000000000E+00 0.000000000E+00 0.000000000E+00 0.000000000E+00
-2.289452983E+00 0.000000000E+00 1.712282191E+01 1.740770000E+01
-2.617993878E-01 0.000000000E+00 0.000000000E+00
SBENM4                  2.875000 2.617993878E-01 0.000000000E+00 0.000000000E+00
 0.000000000E+00 1.308996939E-01 1.308996939E-01 0.000000000E+00 0.000000000E+00
-3.386528561E+00 0.000000000E+00 1.977139665E+01 2.028270000E+01
-5.235987756E-01 0.000000000E+00 0.000000000E+00
DRIF[000017]             .301450 0.000000000E+00 0.000000000E+00 0.000000000E+00
 0.000000000E+00 0.000000000E+00 0.000000000E+00 0.000000000E+00 0.000000000E+00
-3.537253561E+00 0.000000000E+00 2.003246001E+01 2.058415000E+01
-5.235987756E-01 0.000000000E+00 0.000000000E+00
QUADQD5                  .499700 0.000000000E+00-5.910000000E-01 0.000000000E+00
 0.000000000E+00 0.000000000E+00 0.000000000E+00 0.000000000E+00 0.000000000E+00
-3.787103561E+00 0.000000000E+00 2.046521290E+01 2.108385000E+01
-5.235987756E-01 0.000000000E+00 0.000000000E+00
DRIF[000018]             .016150 0.000000000E+00 0.000000000E+00 0.000000000E+00
 0.000000000E+00 0.000000000E+00 0.000000000E+00 0.000000000E+00 0.000000000E+00
-3.795178561E+00 0.000000000E+00 2.047919921E+01 2.110000000E+01
-5.235987756E-01 0.000000000E+00 0.000000000E+00
MONIBPM05                .000000 0.000000000E+00 0.000000000E+00 0.000000000E+00
 0.000000000E+00 0.000000000E+00 0.000000000E+00 0.000000000E+00 0.000000000E+00
-3.795178561E+00 0.000000000E+00 2.047919921E+01 2.110000000E+01
-5.235987756E-01 0.000000000E+00 0.000000000E+00
DRIF[000019]             .234000 0.000000000E+00 0.000000000E+00 0.000000000E+00
 0.000000000E+00 0.000000000E+00 0.000000000E+00 0.000000000E+00 0.000000000E+00
-3.912178561E+00 0.000000000E+00 2.068184916E+01 2.133400000E+01
-5.235987756E-01 0.000000000E+00 0.000000000E+00
VKICKV05                 .000000 0.000000000E+00 0.000000000E+00 0.000000000E+00
 0.000000000E+00 0.000000000E+00 0.000000000E+00 0.000000000E+00 0.000000000E+00
-3.912178561E+00 0.000000000E+00 2.068184916E+01 2.133400000E+01
-5.235987756E-01 0.000000000E+00 0.000000000E+00
DRIF[000020]            1.211200 0.000000000E+00 0.000000000E+00 0.000000000E+00
 0.000000000E+00 0.000000000E+00 0.000000000E+00 0.000000000E+00 0.000000000E+00
-4.517778561E+00 0.000000000E+00 2.173077913E+01 2.254520000E+01
-5.235987756E-01 0.000000000E+00 0.000000000E+00
SBENM5                  2.875000 2.617993878E-01 0.000000000E+00 0.000000000E+00
 0.000000000E+00 1.308996939E-01 1.308996939E-01 0.000000000E+00 0.000000000E+00
-6.262973780E+00 0.000000000E+00 2.400516182E+01 2.542020000E+01
-7.853981634E-01 0.000000000E+00 0.000000000E+00
DRIF[000021]             .301450 0.000000000E+00 0.000000000E+00 0.000000000E+00
 0.000000000E+00 0.000000000E+00 0.000000000E+00 0.000000000E+00 0.000000000E+00
-6.476131119E+00 0.000000000E+00 2.421831916E+01 2.572165000E+01
-7.853981634E-01 0.000000000E+00 0.000000000E+00
QUADQF6                  .499700 0.000000000E+00 6.150000000E-01 0.000000000E+00
 0.000000000E+00 0.000000000E+00 0.000000000E+00 0.000000000E+00 0.000000000E+00
-6.829472378E+00 0.000000000E+00 2.457166042E+01 2.622135000E+01
-7.853981634E-01 0.000000000E+00 0.000000000E+00
DRIF[000022]             .018650 0.000000000E+00 0.000000000E+00 0.000000000E+00
 0.000000000E+00 0.000000000E+00 0.000000000E+00 0.000000000E+00 0.000000000E+00
-6.842659919E+00 0.000000000E+00 2.458484796E+01 2.624000000E+01
-7.853981634E-01 0.000000000E+00 0.000000000E+00
MONIBPM06                .000000 0.000000000E+00 0.000000000E+00 0.000000000E+00
 0.000000000E+00 0.000000000E+00 0.000000000E+00 0.000000000E+00 0.000000000E+00
-6.842659919E+00 0.000000000E+00 2.458484796E+01 2.624000000E+01
-7.853981634E-01 0.000000000E+00 0.000000000E+00
DRIF[000023]             .982000 0.000000000E+00 0.000000000E+00 0.000000000E+00
 0.000000000E+00 0.000000000E+00 0.000000000E+00 0.000000000E+00 0.000000000E+00
-7.537038779E+00 0.000000000E+00 2.527922682E+01 2.722200000E+01
-7.853981634E-01 0.000000000E+00 0.000000000E+00
HKICKH06                 .000000 0.000000000E+00 0.000000000E+00 0.000000000E+00
 0.000000000E+00 0.000000000E+00 0.000000000E+00 0.000000000E+00 0.000000000E+00
-7.537038779E+00 0.000000000E+00 2.527922682E+01 2.722200000E+01
-7.853981634E-01 0.000000000E+00 0.000000000E+00
DRIF[000024]             .460700 0.000000000E+00 0.000000000E+00 0.000000000E+00
 0.000000000E+00 0.000000000E+00 0.000000000E+00 0.000000000E+00 0.000000000E+00
-7.862802873E+00 0.000000000E+00 2.560499091E+01 2.768270000E+01
-7.853981634E-01 0.000000000E+00 0.000000000E+00
SBENM6                  2.875000 2.617993878E-01 0.000000000E+00 0.000000000E+00
 0.000000000E+00 1.308996939E-01 1.308996939E-01 0.000000000E+00 0.000000000E+00
-1.013718556E+01 0.000000000E+00 2.735018613E+01 3.055770000E+01
-1.047197551E+00 0.000000000E+00 0.000000000E+00
DRIF[000025]             .301450 0.000000000E+00 0.000000000E+00 0.000000000E+00
 0.000000000E+00 0.000000000E+00 0.000000000E+00 0.000000000E+00 0.000000000E+00
-1.039824892E+01 0.000000000E+00 2.750091113E+01 3.085915000E+01
-1.047197551E+00 0.000000000E+00 0.000000000E+00
QUADQD7                  .499700 0.000000000E+00-5.890000000E-01 0.000000000E+00
 0.000000000E+00 0.000000000E+00 0.000000000E+00 0.000000000E+00 0.000000000E+00
-1.083100182E+01 0.000000000E+00 2.775076113E+01 3.135885000E+01
-1.047197551E+00 0.000000000E+00 0.000000000E+00
DRIF[000026]             .021150 0.000000000E+00 0.000000000E+00 0.000000000E+00
 0.000000000E+00 0.000000000E+00 0.000000000E+00 0.000000000E+00 0.000000000E+00
-1.084931825E+01 0.000000000E+00 2.776133613E+01 3.138000000E+01
-1.047197551E+00 0.000000000E+00 0.000000000E+00
MONIBPM07                .000000 0.000000000E+00 0.000000000E+00 0.000000000E+00
 0.000000000E+00 0.000000000E+00 0.000000000E+00 0.000000000E+00 0.000000000E+00
-1.084931825E+01 0.000000000E+00 2.776133613E+01 3.138000000E+01
-1.047197551E+00 0.000000000E+00 0.000000000E+00
DRIF[000027]             .229000 0.000000000E+00 0.000000000E+00 0.000000000E+00
 0.000000000E+00 0.000000000E+00 0.000000000E+00 0.000000000E+00 0.000000000E+00
-1.104763807E+01 0.000000000E+00 2.787583613E+01 3.160900000E+01
-1.047197551E+00 0.000000000E+00 0.000000000E+00
VKICKV07                 .000000 0.000000000E+00 0.000000000E+00 0.000000000E+00
 0.000000000E+00 0.000000000E+00 0.000000000E+00 0.000000000E+00 0.000000000E+00
-1.104763807E+01 0.000000000E+00 2.787583613E+01 3.160900000E+01
-1.047197551E+00 0.000000000E+00 0.000000000E+00
DRIF[000028]             .576000 0.000000000E+00 0.000000000E+00 0.000000000E+00
 0.000000000E+00 0.000000000E+00 0.000000000E+00 0.000000000E+00 0.000000000E+00
-1.154646870E+01 0.000000000E+00 2.816383613E+01 3.218500000E+01
-1.047197551E+00 0.000000000E+00 0.000000000E+00
HKICKH0807               .000000 0.000000000E+00 0.000000000E+00 0.000000000E+00
 0.000000000E+00 0.000000000E+00 0.000000000E+00 0.000000000E+00 0.000000000E+00
-1.154646870E+01 0.000000000E+00 2.816383613E+01 3.218500000E+01
-1.047197551E+00 0.000000000E+00 0.000000000E+00
DRIF[000029]             .635200 0.000000000E+00 0.000000000E+00 0.000000000E+00
 0.000000000E+00 0.000000000E+00 0.000000000E+00 0.000000000E+00 0.000000000E+00
-1.209656804E+01 0.000000000E+00 2.848143613E+01 3.282020000E+01
-1.047197551E+00 0.000000000E+00 0.000000000E+00
SBENM7                  2.875000 2.617993878E-01 0.000000000E+00 0.000000000E+00
 0.000000000E+00 1.308996939E-01 1.308996939E-01 0.000000000E+00 0.000000000E+00
-1.474514278E+01 0.000000000E+00 2.957851171E+01 3.569520000E+01
-1.308996939E+00 0.000000000E+00 0.000000000E+00
DRIF[000030]             .301450 0.000000000E+00 0.000000000E+00 0.000000000E+00
 0.000000000E+00 0.000000000E+00 0.000000000E+00 0.000000000E+00 0.000000000E+00
-1.503632112E+01 0.000000000E+00 2.965653271E+01 3.599665000E+01
-1.308996939E+00 0.000000000E+00 0.000000000E+00
QUADQF8                  .499700 0.000000000E+00 6.170000000E-01 0.000000000E+00
 0.000000000E+00 0.000000000E+00 0.000000000E+00 0.000000000E+00 0.000000000E+00
-1.551899425E+01 0.000000000E+00 2.978586459E+01 3.649635000E+01
-1.308996939E+00 0.000000000E+00 0.000000000E+00
DRIF[000031]             .023650 0.000000000E+00 0.000000000E+00 0.000000000E+00
 0.000000000E+00 0.000000000E+00 0.000000000E+00 0.000000000E+00 0.000000000E+00
-1.554183840E+01 0.000000000E+00 2.979198566E+01 3.652000000E+01
-1.308996939E+00 0.000000000E+00 0.000000000E+00
MONIBPM08                .000000 0.000000000E+00 0.000000000E+00 0.000000000E+00
 0.000000000E+00 0.000000000E+00 0.000000000E+00 0.000000000E+00 0.000000000E+00
-1.554183840E+01 0.000000000E+00 2.979198566E+01 3.652000000E+01
-1.308996939E+00 0.000000000E+00 0.000000000E+00
DRIF[000032]            1.047000 0.000000000E+00 0.000000000E+00 0.000000000E+00
 0.000000000E+00 0.000000000E+00 0.000000000E+00 0.000000000E+00 0.000000000E+00
-1.655316274E+01 0.000000000E+00 3.006296920E+01 3.756700000E+01
-1.308996939E+00 0.000000000E+00 0.000000000E+00
VKICKV08                 .000000 0.000000000E+00 0.000000000E+00 0.000000000E+00
 0.000000000E+00 0.000000000E+00 0.000000000E+00 0.000000000E+00 0.000000000E+00
-1.655316274E+01 0.000000000E+00 3.006296920E+01 3.756700000E+01
-1.308996939E+00 0.000000000E+00 0.000000000E+00
DRIF[000033]             .390700 0.000000000E+00 0.000000000E+00 0.000000000E+00
 0.000000000E+00 0.000000000E+00 0.000000000E+00 0.000000000E+00 0.000000000E+00
-1.693054996E+01 0.000000000E+00 3.016408980E+01 3.795770000E+01
-1.308996939E+00 0.000000000E+00 0.000000000E+00
SBENM8                  2.875000 2.617993878E-01 0.000000000E+00 0.000000000E+00
 0.000000000E+00 1.308996939E-01 1.308996939E-01 0.000000000E+00 0.000000000E+00
-1.977282076E+01 0.000000000E+00 3.053828185E+01 4.083270000E+01
-1.570796327E+00 0.000000000E+00 0.000000000E+00
DRIF[000034]             .301450 0.000000000E+00 0.000000000E+00 0.000000000E+00
 0.000000000E+00 0.000000000E+00 0.000000000E+00 0.000000000E+00 0.000000000E+00
-2.007427076E+01 0.000000000E+00 3.053828185E+01 4.113415000E+01
-1.570796327E+00 0.000000000E+00 0.000000000E+00
QUADQD9                  .499700 0.000000000E+00-5.870000000E-01 0.000000000E+00
 0.000000000E+00 0.000000000E+00 0.000000000E+00 0.000000000E+00 0.000000000E+00
-2.057397076E+01 0.000000000E+00 3.053828185E+01 4.163385000E+01
-1.570796327E+00 0.000000000E+00 0.000000000E+00
DRIF[000035]             .016150 0.000000000E+00 0.000000000E+00 0.000000000E+00
 0.000000000E+00 0.000000000E+00 0.000000000E+00 0.000000000E+00 0.000000000E+00
-2.059012076E+01 0.000000000E+00 3.053828185E+01 4.165000000E+01
-1.570796327E+00 0.000000000E+00 0.000000000E+00
MONIBPM09                .000000 0.000000000E+00 0.000000000E+00 0.000000000E+00
 0.000000000E+00 0.000000000E+00 0.000000000E+00 0.000000000E+00 0.000000000E+00
-2.059012076E+01 0.000000000E+00 3.053828185E+01 4.165000000E+01
-1.570796327E+00 0.000000000E+00 0.000000000E+00
DRIF[000036]             .285200 0.000000000E+00 0.000000000E+00 0.000000000E+00
 0.000000000E+00 0.000000000E+00 0.000000000E+00 0.000000000E+00 0.000000000E+00
-2.087532076E+01 0.000000000E+00 3.053828185E+01 4.193520000E+01
-1.570796327E+00 0.000000000E+00 0.000000000E+00
SBENM9                  2.875000 2.617993878E-01 0.000000000E+00 0.000000000E+00
 0.000000000E+00 1.308996939E-01 1.308996939E-01 0.000000000E+00 0.000000000E+00
-2.371759155E+01 0.000000000E+00 3.016408980E+01 4.481020000E+01
-1.832595715E+00 0.000000000E+00 0.000000000E+00
DRIF[000037]             .366800 0.000000000E+00 0.000000000E+00 0.000000000E+00
 0.000000000E+00 0.000000000E+00 0.000000000E+00 0.000000000E+00 0.000000000E+00
-2.407189315E+01 0.000000000E+00 3.006915497E+01 4.517700000E+01
-1.832595715E+00 0.000000000E+00 0.000000000E+00
VKICKV09                 .000000 0.000000000E+00 0.000000000E+00 0.000000000E+00
 0.000000000E+00 0.000000000E+00 0.000000000E+00 0.000000000E+00 0.000000000E+00
-2.407189315E+01 0.000000000E+00 3.006915497E+01 4.517700000E+01
-1.832595715E+00 0.000000000E+00 0.000000000E+00
DRIF[000038]             .645000 0.000000000E+00 0.000000000E+00 0.000000000E+00
 0.000000000E+00 0.000000000E+00 0.000000000E+00 0.000000000E+00 0.000000000E+00
-2.469491531E+01 0.000000000E+00 2.990221669E+01 4.582200000E+01
-1.832595715E+00 0.000000000E+00 0.000000000E+00
HKICKH09                 .000000 0.000000000E+00 0.000000000E+00 0.000000000E+00
 0.000000000E+00 0.000000000E+00 0.000000000E+00 0.000000000E+00 0.000000000E+00
-2.469491531E+01 0.000000000E+00 2.990221669E+01 4.582200000E+01
-1.832595715E+00 0.000000000E+00 0.000000000E+00
DRIF[000039]             .449650 0.000000000E+00 0.000000000E+00 0.000000000E+00
 0.000000000E+00 0.000000000E+00 0.000000000E+00 0.000000000E+00 0.000000000E+00
-2.512924385E+01 0.000000000E+00 2.978583870E+01 4.627165000E+01
-1.832595715E+00 0.000000000E+00 0.000000000E+00
QUADQF10                 .499700 0.000000000E+00 6.190000000E-01 0.000000000E+00
 0.000000000E+00 0.000000000E+00 0.000000000E+00 0.000000000E+00 0.000000000E+00
-2.561191699E+01 0.000000000E+00 2.965650683E+01 4.677135000E+01
-1.832595715E+00 0.000000000E+00 0.000000000E+00
DRIF[000040]             .018650 0.000000000E+00 0.000000000E+00 0.000000000E+00
 0.000000000E+00 0.000000000E+00 0.000000000E+00 0.000000000E+00 0.000000000E+00
-2.562993151E+01 0.000000000E+00 2.965167985E+01 4.679000000E+01
-1.832595715E+00 0.000000000E+00 0.000000000E+00
MONIBPM10                .000000 0.000000000E+00 0.000000000E+00 0.000000000E+00
 0.000000000E+00 0.000000000E+00 0.000000000E+00 0.000000000E+00 0.000000000E+00
-2.562993151E+01 0.000000000E+00 2.965167985E+01 4.679000000E+01
-1.832595715E+00 0.000000000E+00 0.000000000E+00
DRIF[000041]             .282700 0.000000000E+00 0.000000000E+00 0.000000000E+00
 0.000000000E+00 0.000000000E+00 0.000000000E+00 0.000000000E+00 0.000000000E+00
-2.590299874E+01 0.000000000E+00 2.957851171E+01 4.707270000E+01
-1.832595715E+00 0.000000000E+00 0.000000000E+00
SBENM10                 2.875000 2.617993878E-01 0.000000000E+00 0.000000000E+00
 0.000000000E+00 1.308996939E-01 1.308996939E-01 0.000000000E+00 0.000000000E+00
-2.855157348E+01 0.000000000E+00 2.848143613E+01 4.994770000E+01
-2.094395102E+00 0.000000000E+00 0.000000000E+00
DRIF[000042]             .776300 0.000000000E+00 0.000000000E+00 0.000000000E+00
 0.000000000E+00 0.000000000E+00 0.000000000E+00 0.000000000E+00 0.000000000E+00
-2.922386900E+01 0.000000000E+00 2.809328613E+01 5.072400000E+01
-2.094395102E+00 0.000000000E+00 0.000000000E+00
VKICKV10                 .000000 0.000000000E+00 0.000000000E+00 0.000000000E+00
 0.000000000E+00 0.000000000E+00 0.000000000E+00 0.000000000E+00 0.000000000E+00
-2.922386900E+01 0.000000000E+00 2.809328613E+01 5.072400000E+01
-2.094395102E+00 0.000000000E+00 0.000000000E+00
DRIF[000043]             .261500 0.000000000E+00 0.000000000E+00 0.000000000E+00
 0.000000000E+00 0.000000000E+00 0.000000000E+00 0.000000000E+00 0.000000000E+00
-2.945033464E+01 0.000000000E+00 2.796253613E+01 5.098550000E+01
-2.094395102E+00 0.000000000E+00 0.000000000E+00
SEXTSD10                 .287000 0.000000000E+00 0.000000000E+00 0.000000000E+00
 0.000000000E+00 0.000000000E+00 0.000000000E+00 0.000000000E+00 0.000000000E+00
-2.969888393E+01 0.000000000E+00 2.781903613E+01 5.127250000E+01
-2.094395102E+00 0.000000000E+00 0.000000000E+00
DRIF[000044]             .117500 0.000000000E+00 0.000000000E+00 0.000000000E+00
 0.000000000E+00 0.000000000E+00 0.000000000E+00 0.000000000E+00 0.000000000E+00
-2.980064192E+01 0.000000000E+00 2.776028613E+01 5.139000000E+01
-2.094395102E+00 0.000000000E+00 0.000000000E+00
MONIBPM11                .000000 0.000000000E+00 0.000000000E+00 0.000000000E+00
 0.000000000E+00 0.000000000E+00 0.000000000E+00 0.000000000E+00 0.000000000E+00
-2.980064192E+01 0.000000000E+00 2.776028613E+01 5.139000000E+01
-2.094395102E+00 0.000000000E+00 0.000000000E+00
DRIF[000045]             .019150 0.000000000E+00 0.000000000E+00 0.000000000E+00
 0.000000000E+00 0.000000000E+00 0.000000000E+00 0.000000000E+00 0.000000000E+00
-2.981722630E+01 0.000000000E+00 2.775071113E+01 5.140915000E+01
-2.094395102E+00 0.000000000E+00 0.000000000E+00
QUADQD11                 .499700 0.000000000E+00-5.850000000E-01 0.000000000E+00
 0.000000000E+00 0.000000000E+00 0.000000000E+00 0.000000000E+00 0.000000000E+00
-3.024997920E+01 0.000000000E+00 2.750086113E+01 5.190885000E+01
-2.094395102E+00 0.000000000E+00 0.000000000E+00
DRIF[000046]             .301350 0.000000000E+00 0.000000000E+00 0.000000000E+00
 0.000000000E+00 0.000000000E+00 0.000000000E+00 0.000000000E+00 0.000000000E+00
-3.051095595E+01 0.000000000E+00 2.735018613E+01 5.221020000E+01
-2.094395102E+00 0.000000000E+00 0.000000000E+00
SBENM11                 2.875000 2.617993878E-01 0.000000000E+00 0.000000000E+00
 0.000000000E+00 1.308996939E-01 1.308996939E-01 0.000000000E+00 0.000000000E+00
-3.278533864E+01 0.000000000E+00 2.560499091E+01 5.508520000E+01
-2.356194490E+00 0.000000000E+00 0.000000000E+00
DRIF[000047]             .776800 0.000000000E+00 0.000000000E+00 0.000000000E+00
 0.000000000E+00 0.000000000E+00 0.000000000E+00 0.000000000E+00 0.000000000E+00
-3.333461919E+01 0.000000000E+00 2.505571036E+01 5.586200000E+01
-2.356194490E+00 0.000000000E+00 0.000000000E+00
HKICKH11                 .000000 0.000000000E+00 0.000000000E+00 0.000000000E+00
 0.000000000E+00 0.000000000E+00 0.000000000E+00 0.000000000E+00 0.000000000E+00
-3.333461919E+01 0.000000000E+00 2.505571036E+01 5.586200000E+01
-2.356194490E+00 0.000000000E+00 0.000000000E+00
DRIF[000048]             .261000 0.000000000E+00 0.000000000E+00 0.000000000E+00
 0.000000000E+00 0.000000000E+00 0.000000000E+00 0.000000000E+00 0.000000000E+00
-3.351917406E+01 0.000000000E+00 2.487115549E+01 5.612300000E+01
-2.356194490E+00 0.000000000E+00 0.000000000E+00
SEXTSF11                 .287000 0.000000000E+00 0.000000000E+00 0.000000000E+00
 0.000000000E+00 0.000000000E+00 0.000000000E+00 0.000000000E+00 0.000000000E+00
-3.372211371E+01 0.000000000E+00 2.466821585E+01 5.641000000E+01
-2.356194490E+00 0.000000000E+00 0.000000000E+00
DRIF[000049]             .120000 0.000000000E+00 0.000000000E+00 0.000000000E+00
 0.000000000E+00 0.000000000E+00 0.000000000E+00 0.000000000E+00 0.000000000E+00
-3.380696652E+01 0.000000000E+00 2.458336303E+01 5.653000000E+01
-2.356194490E+00 0.000000000E+00 0.000000000E+00
MONIBPM12                .000000 0.000000000E+00 0.000000000E+00 0.000000000E+00
 0.000000000E+00 0.000000000E+00 0.000000000E+00 0.000000000E+00 0.000000000E+00
-3.380696652E+01 0.000000000E+00 2.458336303E+01 5.653000000E+01
-2.356194490E+00 0.000000000E+00 0.000000000E+00
DRIF[000050]             .016650 0.000000000E+00 0.000000000E+00 0.000000000E+00
 0.000000000E+00 0.000000000E+00 0.000000000E+00 0.000000000E+00 0.000000000E+00
-3.381873985E+01 0.000000000E+00 2.457158970E+01 5.654665000E+01
-2.356194490E+00 0.000000000E+00 0.000000000E+00
QUADQF12                 .499700 0.000000000E+00 6.210000000E-01 0.000000000E+00
 0.000000000E+00 0.000000000E+00 0.000000000E+00 0.000000000E+00 0.000000000E+00
-3.417208111E+01 0.000000000E+00 2.421824845E+01 5.704635000E+01
-2.356194490E+00 0.000000000E+00 0.000000000E+00
DRIF[000051]             .301350 0.000000000E+00 0.000000000E+00 0.000000000E+00
 0.000000000E+00 0.000000000E+00 0.000000000E+00 0.000000000E+00 0.000000000E+00
-3.438516773E+01 0.000000000E+00 2.400516182E+01 5.734770000E+01
-2.356194490E+00 0.000000000E+00 0.000000000E+00
SBENM12                 2.875000 2.617993878E-01 0.000000000E+00 0.000000000E+00
 0.000000000E+00 1.308996939E-01 1.308996939E-01 0.000000000E+00 0.000000000E+00
-3.613036295E+01 0.000000000E+00 2.173077913E+01 6.022270000E+01
-2.617993878E+00 0.000000000E+00 0.000000000E+00
DRIF[000052]            1.211300 0.000000000E+00 0.000000000E+00 0.000000000E+00
 0.000000000E+00 0.000000000E+00 0.000000000E+00 0.000000000E+00 0.000000000E+00
-3.673601295E+01 0.000000000E+00 2.068176256E+01 6.143400000E+01
-2.617993878E+00 0.000000000E+00 0.000000000E+00
VKICKV12                 .000000 0.000000000E+00 0.000000000E+00 0.000000000E+00
 0.000000000E+00 0.000000000E+00 0.000000000E+00 0.000000000E+00 0.000000000E+00
-3.673601295E+01 0.000000000E+00 2.068176256E+01 6.143400000E+01
-2.617993878E+00 0.000000000E+00 0.000000000E+00
DRIF[000053]             .250150 0.000000000E+00 0.000000000E+00 0.000000000E+00
 0.000000000E+00 0.000000000E+00 0.000000000E+00 0.000000000E+00 0.000000000E+00
-3.686108795E+01 0.000000000E+00 2.046512630E+01 6.168415000E+01
-2.617993878E+00 0.000000000E+00 0.000000000E+00
QUADQD13                 .499700 0.000000000E+00-5.830000000E-01 0.000000000E+00
 0.000000000E+00 0.000000000E+00 0.000000000E+00 0.000000000E+00 0.000000000E+00
-3.711093795E+01 0.000000000E+00 2.003237341E+01 6.218385000E+01
-2.617993878E+00 0.000000000E+00 0.000000000E+00
DRIF[000054]             .016150 0.000000000E+00 0.000000000E+00 0.000000000E+00
 0.000000000E+00 0.000000000E+00 0.000000000E+00 0.000000000E+00 0.000000000E+00
-3.711901295E+01 0.000000000E+00 2.001838710E+01 6.220000000E+01
-2.617993878E+00 0.000000000E+00 0.000000000E+00
MONIBPM13                .000000 0.000000000E+00 0.000000000E+00 0.000000000E+00
 0.000000000E+00 0.000000000E+00 0.000000000E+00 0.000000000E+00 0.000000000E+00
-3.711901295E+01 0.000000000E+00 2.001838710E+01 6.220000000E+01
-2.617993878E+00 0.000000000E+00 0.000000000E+00
DRIF[000055]             .285200 0.000000000E+00 0.000000000E+00 0.000000000E+00
 0.000000000E+00 0.000000000E+00 0.000000000E+00 0.000000000E+00 0.000000000E+00
-3.726161295E+01 0.000000000E+00 1.977139665E+01 6.248520000E+01
-2.617993878E+00 0.000000000E+00 0.000000000E+00
SBENM13                 2.875000 2.617993878E-01 0.000000000E+00 0.000000000E+00
 0.000000000E+00 1.308996939E-01 1.308996939E-01 0.000000000E+00 0.000000000E+00
-3.835868853E+01 0.000000000E+00 1.712282191E+01 6.536020000E+01
-2.879793266E+00 0.000000000E+00 0.000000000E+00
DRIF[000056]             .786800 0.000000000E+00 0.000000000E+00 0.000000000E+00
 0.000000000E+00 0.000000000E+00 0.000000000E+00 0.000000000E+00 0.000000000E+00
-3.856232736E+01 0.000000000E+00 1.636283147E+01 6.614700000E+01
-2.879793266E+00 0.000000000E+00 0.000000000E+00
HKICKH13                 .000000 0.000000000E+00 0.000000000E+00 0.000000000E+00
 0.000000000E+00 0.000000000E+00 0.000000000E+00 0.000000000E+00 0.000000000E+00
-3.856232736E+01 0.000000000E+00 1.636283147E+01 6.614700000E+01
-2.879793266E+00 0.000000000E+00 0.000000000E+00
DRIF[000057]             .674650 0.000000000E+00 0.000000000E+00 0.000000000E+00
 0.000000000E+00 0.000000000E+00 0.000000000E+00 0.000000000E+00 0.000000000E+00
-3.873693963E+01 0.000000000E+00 1.571116961E+01 6.682165000E+01
-2.879793266E+00 0.000000000E+00 0.000000000E+00
QUADQF14                 .499700 0.000000000E+00 6.230000000E-01 0.000000000E+00
 0.000000000E+00 0.000000000E+00 0.000000000E+00 0.000000000E+00 0.000000000E+00
-3.886627150E+01 0.000000000E+00 1.522849648E+01 6.732135000E+01
-2.879793266E+00 0.000000000E+00 0.000000000E+00
DRIF[000058]             .018650 0.000000000E+00 0.000000000E+00 0.000000000E+00
 0.000000000E+00 0.000000000E+00 0.000000000E+00 0.000000000E+00 0.000000000E+00
-3.887109848E+01 0.000000000E+00 1.521048196E+01 6.734000000E+01
-2.879793266E+00 0.000000000E+00 0.000000000E+00
MONIBPM14                .000000 0.000000000E+00 0.000000000E+00 0.000000000E+00
 0.000000000E+00 0.000000000E+00 0.000000000E+00 0.000000000E+00 0.000000000E+00
-3.887109848E+01 0.000000000E+00 1.521048196E+01 6.734000000E+01
-2.879793266E+00 0.000000000E+00 0.000000000E+00
DRIF[000059]            3.799000 0.000000000E+00 0.000000000E+00 0.000000000E+00
 0.000000000E+00 0.000000000E+00 0.000000000E+00 0.000000000E+00 0.000000000E+00
-3.985435203E+01 0.000000000E+00 1.154092975E+01 7.113900000E+01
-2.879793266E+00 0.000000000E+00 0.000000000E+00
HKICKH14                 .000000 0.000000000E+00 0.000000000E+00 0.000000000E+00
 0.000000000E+00 0.000000000E+00 0.000000000E+00 0.000000000E+00 0.000000000E+00
-3.985435203E+01 0.000000000E+00 1.154092975E+01 7.113900000E+01
-2.879793266E+00 0.000000000E+00 0.000000000E+00
DRIF[000060]             .355000 0.000000000E+00 0.000000000E+00 0.000000000E+00
 0.000000000E+00 0.000000000E+00 0.000000000E+00 0.000000000E+00 0.000000000E+00
-3.994623279E+01 0.000000000E+00 1.119802608E+01 7.149400000E+01
-2.879793266E+00 0.000000000E+00 0.000000000E+00
VKICKV14                 .000000 0.000000000E+00 0.000000000E+00 0.000000000E+00
 0.000000000E+00 0.000000000E+00 0.000000000E+00 0.000000000E+00 0.000000000E+00
-3.994623279E+01 0.000000000E+00 1.119802608E+01 7.149400000E+01
-2.879793266E+00 0.000000000E+00 0.000000000E+00
DRIF[000061]             .465150 0.000000000E+00 0.000000000E+00 0.000000000E+00
 0.000000000E+00 0.000000000E+00 0.000000000E+00 0.000000000E+00 0.000000000E+00
-4.006662247E+01 0.000000000E+00 1.074872568E+01 7.195915000E+01
-2.879793266E+00 0.000000000E+00 0.000000000E+00
QUADQD15                 .499700 0.000000000E+00-5.810000000E-01 0.000000000E+00
 0.000000000E+00 0.000000000E+00 0.000000000E+00 0.000000000E+00 0.000000000E+00
-4.019595435E+01 0.000000000E+00 1.026605254E+01 7.245885000E+01
-2.879793266E+00 0.000000000E+00 0.000000000E+00
DRIF[000062]             .021150 0.000000000E+00 0.000000000E+00 0.000000000E+00
 0.000000000E+00 0.000000000E+00 0.000000000E+00 0.000000000E+00 0.000000000E+00
-4.020142837E+01 0.000000000E+00 1.024562321E+01 7.248000000E+01
-2.879793266E+00 0.000000000E+00 0.000000000E+00
MONIBPM15                .000000 0.000000000E+00 0.000000000E+00 0.000000000E+00
 0.000000000E+00 0.000000000E+00 0.000000000E+00 0.000000000E+00 0.000000000E+00
-4.020142837E+01 0.000000000E+00 1.024562321E+01 7.248000000E+01
-2.879793266E+00 0.000000000E+00 0.000000000E+00
DRIF[000063]             .280200 0.000000000E+00 0.000000000E+00 0.000000000E+00
 0.000000000E+00 0.000000000E+00 0.000000000E+00 0.000000000E+00 0.000000000E+00
-4.027394947E+01 0.000000000E+00 9.974970797E+00 7.276020000E+01
-2.879793266E+00 0.000000000E+00 0.000000000E+00
SBENM15                 2.875000 2.617993878E-01 0.000000000E+00 0.000000000E+00
 0.000000000E+00 1.308996939E-01 1.308996939E-01 0.000000000E+00 0.000000000E+00
-4.064814152E+01 0.000000000E+00 7.132700000E+00 7.563520000E+01
-3.141592654E+00 0.000000000E+00 0.000000000E+00
DRIF[000064]             .761800 0.000000000E+00 0.000000000E+00 0.000000000E+00
 0.000000000E+00 0.000000000E+00 0.000000000E+00 0.000000000E+00 0.000000000E+00
-4.064814152E+01 0.000000000E+00 6.370900000E+00 7.639700000E+01
-3.141592654E+00 0.000000000E+00 0.000000000E+00
HKICKH15                 .000000 0.000000000E+00 0.000000000E+00 0.000000000E+00
 0.000000000E+00 0.000000000E+00 0.000000000E+00 0.000000000E+00 0.000000000E+00
-4.064814152E+01 0.000000000E+00 6.370900000E+00 7.639700000E+01
-3.141592654E+00 0.000000000E+00 0.000000000E+00
DRIF[000065]             .699650 0.000000000E+00 0.000000000E+00 0.000000000E+00
 0.000000000E+00 0.000000000E+00 0.000000000E+00 0.000000000E+00 0.000000000E+00
-4.064814152E+01 0.000000000E+00 5.671250000E+00 7.709665000E+01
-3.141592654E+00 0.000000000E+00 0.000000000E+00
QUADQF16                 .499700 0.000000000E+00 6.250000000E-01 0.000000000E+00
 0.000000000E+00 0.000000000E+00 0.000000000E+00 0.000000000E+00 0.000000000E+00
-4.064814152E+01 0.000000000E+00 5.171550000E+00 7.759635000E+01
-3.141592654E+00 0.000000000E+00 0.000000000E+00
DRIF[000066]             .023650 0.000000000E+00 0.000000000E+00 0.000000000E+00
 0.000000000E+00 0.000000000E+00 0.000000000E+00 0.000000000E+00 0.000000000E+00
-4.064814152E+01 0.000000000E+00 5.147900000E+00 7.762000000E+01
-3.141592654E+00 0.000000000E+00 0.000000000E+00
MONIBPM16                .000000 0.000000000E+00 0.000000000E+00 0.000000000E+00
 0.000000000E+00 0.000000000E+00 0.000000000E+00 0.000000000E+00 0.000000000E+00
-4.064814152E+01 0.000000000E+00 5.147900000E+00 7.762000000E+01
-3.141592654E+00 0.000000000E+00 0.000000000E+00
DRIF[000067]            1.364000 0.000000000E+00 0.000000000E+00 0.000000000E+00
 0.000000000E+00 0.000000000E+00 0.000000000E+00 0.000000000E+00 0.000000000E+00
-4.064814152E+01 0.000000000E+00 3.783900000E+00 7.898400000E+01
-3.141592654E+00 0.000000000E+00 0.000000000E+00
RFCAPETRA1              1.600000 0.000000000E+00 0.000000000E+00 0.000000000E+00
 0.000000000E+00 4.996540843E+02 8.352000000E-02 5.000000000E-01 0.000000000E+00
-4.064814152E+01 0.000000000E+00 2.183900000E+00 8.058400000E+01
-3.141592654E+00 0.000000000E+00 0.000000000E+00
DRIF[000068]             .698000 0.000000000E+00 0.000000000E+00 0.000000000E+00
 0.000000000E+00 0.000000000E+00 0.000000000E+00 0.000000000E+00 0.000000000E+00
-4.064814152E+01 0.000000000E+00 1.485900000E+00 8.128200000E+01
-3.141592654E+00 0.000000000E+00 0.000000000E+00
HKICKH16                 .000000 0.000000000E+00 0.000000000E+00 0.000000000E+00
 0.000000000E+00 0.000000000E+00 0.000000000E+00 0.000000000E+00 0.000000000E+00
-4.064814152E+01 0.000000000E+00 1.485900000E+00 8.128200000E+01
-3.141592654E+00 0.000000000E+00 0.000000000E+00
DRIF[000069]             .928000 0.000000000E+00 0.000000000E+00 0.000000000E+00
 0.000000000E+00 0.000000000E+00 0.000000000E+00 0.000000000E+00 0.000000000E+00
-4.064814152E+01 0.000000000E+00 5.579000000E-01 8.221000000E+01
-3.141592654E+00 0.000000000E+00 0.000000000E+00
MONIBPM17                .000000 0.000000000E+00 0.000000000E+00 0.000000000E+00
 0.000000000E+00 0.000000000E+00 0.000000000E+00 0.000000000E+00 0.000000000E+00
-4.064814152E+01 0.000000000E+00 5.579000000E-01 8.221000000E+01
-3.141592654E+00 0.000000000E+00 0.000000000E+00
DRIF[000070]             .024150 0.000000000E+00 0.000000000E+00 0.000000000E+00
 0.000000000E+00 0.000000000E+00 0.000000000E+00 0.000000000E+00 0.000000000E+00
-4.064814152E+01 0.000000000E+00 5.337500000E-01 8.223415000E+01
-3.141592654E+00 0.000000000E+00 0.000000000E+00
QUADQD17                 .499700 0.000000000E+00-5.790000000E-01 0.000000000E+00
 0.000000000E+00 0.000000000E+00 0.000000000E+00 0.000000000E+00 0.000000000E+00
-4.064814152E+01 0.000000000E+00 3.405000000E-02 8.273385000E+01
-3.141592654E+00 0.000000000E+00 0.000000000E+00
DRIF[000071]             .147150 0.000000000E+00 0.000000000E+00 0.000000000E+00
 0.000000000E+00 0.000000000E+00 0.000000000E+00 0.000000000E+00 0.000000000E+00
-4.064814152E+01 0.000000000E+00-1.131000000E-01 8.288100000E+01
-3.141592654E+00 0.000000000E+00 0.000000000E+00
VKICKV17                 .000000 0.000000000E+00 0.000000000E+00 0.000000000E+00
 0.000000000E+00 0.000000000E+00 0.000000000E+00 0.000000000E+00 0.000000000E+00
-4.064814152E+01 0.000000000E+00-1.131000000E-01 8.288100000E+01
-3.141592654E+00 0.000000000E+00 0.000000000E+00
DRIF[000072]             .303000 0.000000000E+00 0.000000000E+00 0.000000000E+00
 0.000000000E+00 0.000000000E+00 0.000000000E+00 0.000000000E+00 0.000000000E+00
-4.064814152E+01 0.000000000E+00-4.161000000E-01 8.318400000E+01
-3.141592654E+00 0.000000000E+00 0.000000000E+00
RFCAPETRA2              1.600000 0.000000000E+00 0.000000000E+00 0.000000000E+00
 0.000000000E+00 4.996540843E+02 8.352000000E-02 5.000000000E-01 0.000000000E+00
-4.064814152E+01 0.000000000E+00-2.016100000E+00 8.478400000E+01
-3.141592654E+00 0.000000000E+00 0.000000000E+00
DRIF[000073]            2.587650 0.000000000E+00 0.000000000E+00 0.000000000E+00
 0.000000000E+00 0.000000000E+00 0.000000000E+00 0.000000000E+00 0.000000000E+00
-4.064814152E+01 0.000000000E+00-4.603750000E+00 8.737165000E+01
-3.141592654E+00 0.000000000E+00 0.000000000E+00
QUADQF18                 .499700 0.000000000E+00 6.270000000E-01 0.000000000E+00
 0.000000000E+00 0.000000000E+00 0.000000000E+00 0.000000000E+00 0.000000000E+00
-4.064814152E+01 0.000000000E+00-5.103450000E+00 8.787135000E+01
-3.141592654E+00 0.000000000E+00 0.000000000E+00
DRIF[000074]             .018650 0.000000000E+00 0.000000000E+00 0.000000000E+00
 0.000000000E+00 0.000000000E+00 0.000000000E+00 0.000000000E+00 0.000000000E+00
-4.064814152E+01 0.000000000E+00-5.122100000E+00 8.789000000E+01
-3.141592654E+00 0.000000000E+00 0.000000000E+00
MONIBPM18                .000000 0.000000000E+00 0.000000000E+00 0.000000000E+00
 0.000000000E+00 0.000000000E+00 0.000000000E+00 0.000000000E+00 0.000000000E+00
-4.064814152E+01 0.000000000E+00-5.122100000E+00 8.789000000E+01
-3.141592654E+00 0.000000000E+00 0.000000000E+00
DRIF[000075]             .436000 0.000000000E+00 0.000000000E+00 0.000000000E+00
 0.000000000E+00 0.000000000E+00 0.000000000E+00 0.000000000E+00 0.000000000E+00
-4.064814152E+01 0.000000000E+00-5.558100000E+00 8.832600000E+01
-3.141592654E+00 0.000000000E+00 0.000000000E+00
HKICKH18                 .000000 0.000000000E+00 0.000000000E+00 0.000000000E+00
 0.000000000E+00 0.000000000E+00 0.000000000E+00 0.000000000E+00 0.000000000E+00
-4.064814152E+01 0.000000000E+00-5.558100000E+00 8.832600000E+01
-3.141592654E+00 0.000000000E+00 0.000000000E+00
DRIF[000076]            1.006700 0.000000000E+00 0.000000000E+00 0.000000000E+00
 0.000000000E+00 0.000000000E+00 0.000000000E+00 0.000000000E+00 0.000000000E+00
-4.064814152E+01 0.000000000E+00-6.564800000E+00 8.933270000E+01
-3.141592654E+00 0.000000000E+00 0.000000000E+00
SBENM18                 2.875000 2.617993878E-01 0.000000000E+00 0.000000000E+00
 0.000000000E+00 1.308996939E-01 1.308996939E-01 0.000000000E+00 0.000000000E+00
-4.027394947E+01 0.000000000E+00-9.407070797E+00 9.220770000E+01
-3.403392041E+00 0.000000000E+00 0.000000000E+00
DRIF[000077]             .301450 0.000000000E+00 0.000000000E+00 0.000000000E+00
 0.000000000E+00 0.000000000E+00 0.000000000E+00 0.000000000E+00 0.000000000E+00
-4.019592846E+01 0.000000000E+00-9.698249138E+00 9.250915000E+01
-3.403392041E+00 0.000000000E+00 0.000000000E+00
QUADQD19                 .499700 0.000000000E+00-5.810000000E-01 0.000000000E+00
 0.000000000E+00 0.000000000E+00 0.000000000E+00 0.000000000E+00 0.000000000E+00
-4.006659659E+01 0.000000000E+00-1.018092227E+01 9.300885000E+01
-3.403392041E+00 0.000000000E+00 0.000000000E+00
DRIF[000078]             .021150 0.000000000E+00 0.000000000E+00 0.000000000E+00
 0.000000000E+00 0.000000000E+00 0.000000000E+00 0.000000000E+00 0.000000000E+00
-4.006112257E+01 0.000000000E+00-1.020135160E+01 9.303000000E+01
-3.403392041E+00 0.000000000E+00 0.000000000E+00
MONIBPM19                .000000 0.000000000E+00 0.000000000E+00 0.000000000E+00
 0.000000000E+00 0.000000000E+00 0.000000000E+00 0.000000000E+00 0.000000000E+00
-4.006112257E+01 0.000000000E+00-1.020135160E+01 9.303000000E+01
-3.403392041E+00 0.000000000E+00 0.000000000E+00
DRIF[000079]             .115500 0.000000000E+00 0.000000000E+00 0.000000000E+00
 0.000000000E+00 0.000000000E+00 0.000000000E+00 0.000000000E+00 0.000000000E+00
-4.003122897E+01 0.000000000E+00-1.031291604E+01 9.314550000E+01
-3.403392041E+00 0.000000000E+00 0.000000000E+00
SEXTSD19                 .287000 0.000000000E+00 0.000000000E+00 0.000000000E+00
 0.000000000E+00 0.000000000E+00 0.000000000E+00 0.000000000E+00 0.000000000E+00
-3.995694790E+01 0.000000000E+00-1.059013675E+01 9.343250000E+01
-3.403392041E+00 0.000000000E+00 0.000000000E+00
DRIF[000080]             .249500 0.000000000E+00 0.000000000E+00 0.000000000E+00
 0.000000000E+00 0.000000000E+00 0.000000000E+00 0.000000000E+00 0.000000000E+00
-3.989237255E+01 0.000000000E+00-1.083113524E+01 9.368200000E+01
-3.403392041E+00 0.000000000E+00 0.000000000E+00
VKICKV19                 .000000 0.000000000E+00 0.000000000E+00 0.000000000E+00
 0.000000000E+00 0.000000000E+00 0.000000000E+00 0.000000000E+00 0.000000000E+00
-3.989237255E+01 0.000000000E+00-1.083113524E+01 9.368200000E+01
-3.403392041E+00 0.000000000E+00 0.000000000E+00
DRIF[000081]            3.541000 0.000000000E+00 0.000000000E+00 0.000000000E+00
 0.000000000E+00 0.000000000E+00 0.000000000E+00 0.000000000E+00 0.000000000E+00
-3.897589431E+01 0.000000000E+00-1.425147859E+01 9.722300000E+01
-3.403392041E+00 0.000000000E+00 0.000000000E+00
SEXTSF19                 .287000 0.000000000E+00 0.000000000E+00 0.000000000E+00
 0.000000000E+00 0.000000000E+00 0.000000000E+00 0.000000000E+00 0.000000000E+00
-3.890161324E+01 0.000000000E+00-1.452869931E+01 9.751000000E+01
-3.403392041E+00 0.000000000E+00 0.000000000E+00
DRIF[000082]             .120000 0.000000000E+00 0.000000000E+00 0.000000000E+00
 0.000000000E+00 0.000000000E+00 0.000000000E+00 0.000000000E+00 0.000000000E+00
-3.887055496E+01 0.000000000E+00-1.464461041E+01 9.763000000E+01
-3.403392041E+00 0.000000000E+00 0.000000000E+00
MONIBPM20                .000000 0.000000000E+00 0.000000000E+00 0.000000000E+00
 0.000000000E+00 0.000000000E+00 0.000000000E+00 0.000000000E+00 0.000000000E+00
-3.887055496E+01 0.000000000E+00-1.464461041E+01 9.763000000E+01
-3.403392041E+00 0.000000000E+00 0.000000000E+00
DRIF[000083]             .016650 0.000000000E+00 0.000000000E+00 0.000000000E+00
 0.000000000E+00 0.000000000E+00 0.000000000E+00 0.000000000E+00 0.000000000E+00
-3.886624562E+01 0.000000000E+00-1.466069307E+01 9.764665000E+01
-3.403392041E+00 0.000000000E+00 0.000000000E+00
QUADQF20                 .499700 0.000000000E+00 6.250000000E-01 0.000000000E+00
 0.000000000E+00 0.000000000E+00 0.000000000E+00 0.000000000E+00 0.000000000E+00
-3.873691374E+01 0.000000000E+00-1.514336621E+01 9.814635000E+01
-3.403392041E+00 0.000000000E+00 0.000000000E+00
DRIF[000084]             .222650 0.000000000E+00 0.000000000E+00 0.000000000E+00
 0.000000000E+00 0.000000000E+00 0.000000000E+00 0.000000000E+00 0.000000000E+00
-3.867928768E+01 0.000000000E+00-1.535842959E+01 9.836900000E+01
-3.403392041E+00 0.000000000E+00 0.000000000E+00
HKICKH20                 .000000 0.000000000E+00 0.000000000E+00 0.000000000E+00
 0.000000000E+00 0.000000000E+00 0.000000000E+00 0.000000000E+00 0.000000000E+00
-3.867928768E+01 0.000000000E+00-1.535842959E+01 9.836900000E+01
-3.403392041E+00 0.000000000E+00 0.000000000E+00
DRIF[000085]            1.238700 0.000000000E+00 0.000000000E+00 0.000000000E+00
 0.000000000E+00 0.000000000E+00 0.000000000E+00 0.000000000E+00 0.000000000E+00
-3.835868853E+01 0.000000000E+00-1.655492191E+01 9.960770000E+01
-3.403392041E+00 0.000000000E+00 0.000000000E+00
SBENM20                 2.875000 2.617993878E-01 0.000000000E+00 0.000000000E+00
 0.000000000E+00 1.308996939E-01 1.308996939E-01 0.000000000E+00 0.000000000E+00
-3.726161295E+01 0.000000000E+00-1.920349665E+01 1.024827000E+02
-3.665191429E+00 0.000000000E+00 0.000000000E+00
DRIF[000086]             .301450 0.000000000E+00 0.000000000E+00 0.000000000E+00
 0.000000000E+00 0.000000000E+00 0.000000000E+00 0.000000000E+00 0.000000000E+00
-3.711088795E+01 0.000000000E+00-1.946456001E+01 1.027841500E+02
-3.665191429E+00 0.000000000E+00 0.000000000E+00
QUADQD21                 .499700 0.000000000E+00-5.830000000E-01 0.000000000E+00
 0.000000000E+00 0.000000000E+00 0.000000000E+00 0.000000000E+00 0.000000000E+00
-3.686103795E+01 0.000000000E+00-1.989731290E+01 1.032838500E+02
-3.665191429E+00 0.000000000E+00 0.000000000E+00
DRIF[000087]             .016150 0.000000000E+00 0.000000000E+00 0.000000000E+00
 0.000000000E+00 0.000000000E+00 0.000000000E+00 0.000000000E+00 0.000000000E+00
-3.685296295E+01 0.000000000E+00-1.991129921E+01 1.033000000E+02
-3.665191429E+00 0.000000000E+00 0.000000000E+00
MONIBPM21                .000000 0.000000000E+00 0.000000000E+00 0.000000000E+00
 0.000000000E+00 0.000000000E+00 0.000000000E+00 0.000000000E+00 0.000000000E+00
-3.685296295E+01 0.000000000E+00-1.991129921E+01 1.033000000E+02
-3.665191429E+00 0.000000000E+00 0.000000000E+00
DRIF[000088]             .243000 0.000000000E+00 0.000000000E+00 0.000000000E+00
 0.000000000E+00 0.000000000E+00 0.000000000E+00 0.000000000E+00 0.000000000E+00
-3.673146295E+01 0.000000000E+00-2.012174339E+01 1.035430000E+02
-3.665191429E+00 0.000000000E+00 0.000000000E+00
VKICKV21                 .000000 0.000000000E+00 0.000000000E+00 0.000000000E+00
 0.000000000E+00 0.000000000E+00 0.000000000E+00 0.000000000E+00 0.000000000E+00
-3.673146295E+01 0.000000000E+00-2.012174339E+01 1.035430000E+02
-3.665191429E+00 0.000000000E+00 0.000000000E+00
DRIF[000089]             .833000 0.000000000E+00 0.000000000E+00 0.000000000E+00
 0.000000000E+00 0.000000000E+00 0.000000000E+00 0.000000000E+00 0.000000000E+00
-3.631496295E+01 0.000000000E+00-2.084314255E+01 1.043760000E+02
-3.665191429E+00 0.000000000E+00 0.000000000E+00
HKICKH21                 .000000 0.000000000E+00 0.000000000E+00 0.000000000E+00
 0.000000000E+00 0.000000000E+00 0.000000000E+00 0.000000000E+00 0.000000000E+00
-3.631496295E+01 0.000000000E+00-2.084314255E+01 1.043760000E+02
-3.665191429E+00 0.000000000E+00 0.000000000E+00
DRIF[000090]             .369000 0.000000000E+00 0.000000000E+00 0.000000000E+00
 0.000000000E+00 0.000000000E+00 0.000000000E+00 0.000000000E+00 0.000000000E+00
-3.613046295E+01 0.000000000E+00-2.116270592E+01 1.047450000E+02
-3.665191429E+00 0.000000000E+00 0.000000000E+00
SBENM21                 2.875000 2.617993878E-01 0.000000000E+00 0.000000000E+00
 0.000000000E+00 1.308996939E-01 1.308996939E-01 0.000000000E+00 0.000000000E+00
-3.438526773E+01 0.000000000E+00-2.343708861E+01 1.076200000E+02
-3.926990817E+00 0.000000000E+00 0.000000000E+00
DRIF[000091]             .301650 0.000000000E+00 0.000000000E+00 0.000000000E+00
 0.000000000E+00 0.000000000E+00 0.000000000E+00 0.000000000E+00 0.000000000E+00
-3.417196897E+01 0.000000000E+00-2.365038737E+01 1.079216500E+02
-3.926990817E+00 0.000000000E+00 0.000000000E+00
QUADQF22                 .499700 0.000000000E+00 6.230000000E-01 0.000000000E+00
 0.000000000E+00 0.000000000E+00 0.000000000E+00 0.000000000E+00 0.000000000E+00
-3.381862772E+01 0.000000000E+00-2.400372863E+01 1.084213500E+02
-3.926990817E+00 0.000000000E+00 0.000000000E+00
DRIF[000092]             .018650 0.000000000E+00 0.000000000E+00 0.000000000E+00
 0.000000000E+00 0.000000000E+00 0.000000000E+00 0.000000000E+00 0.000000000E+00
-3.380544017E+01 0.000000000E+00-2.401691617E+01 1.084400000E+02
-3.926990817E+00 0.000000000E+00 0.000000000E+00
MONIBPM22                .000000 0.000000000E+00 0.000000000E+00 0.000000000E+00
 0.000000000E+00 0.000000000E+00 0.000000000E+00 0.000000000E+00 0.000000000E+00
-3.380544017E+01 0.000000000E+00-2.401691617E+01 1.084400000E+02
-3.926990817E+00 0.000000000E+00 0.000000000E+00
DRIF[000093]            1.016000 0.000000000E+00 0.000000000E+00 0.000000000E+00
 0.000000000E+00 0.000000000E+00 0.000000000E+00 0.000000000E+00 0.000000000E+00
-3.308701968E+01 0.000000000E+00-2.473533666E+01 1.094560000E+02
-3.926990817E+00 0.000000000E+00 0.000000000E+00
VKICKV22                 .000000 0.000000000E+00 0.000000000E+00 0.000000000E+00
 0.000000000E+00 0.000000000E+00 0.000000000E+00 0.000000000E+00 0.000000000E+00
-3.308701968E+01 0.000000000E+00-2.473533666E+01 1.094560000E+02
-3.926990817E+00 0.000000000E+00 0.000000000E+00
DRIF[000094]             .110000 0.000000000E+00 0.000000000E+00 0.000000000E+00
 0.000000000E+00 0.000000000E+00 0.000000000E+00 0.000000000E+00 0.000000000E+00
-3.300923794E+01 0.000000000E+00-2.481311841E+01 1.095660000E+02
-3.926990817E+00 0.000000000E+00 0.000000000E+00
HKICKH22                 .000000 0.000000000E+00 0.000000000E+00 0.000000000E+00
 0.000000000E+00 0.000000000E+00 0.000000000E+00 0.000000000E+00 0.000000000E+00
-3.300923794E+01 0.000000000E+00-2.481311841E+01 1.095660000E+02
-3.926990817E+00 0.000000000E+00 0.000000000E+00
DRIF[000095]             .317000 0.000000000E+00 0.000000000E+00 0.000000000E+00
 0.000000000E+00 0.000000000E+00 0.000000000E+00 0.000000000E+00 0.000000000E+00
-3.278508509E+01 0.000000000E+00-2.503727126E+01 1.098830000E+02
-3.926990817E+00 0.000000000E+00 0.000000000E+00
SBENM22                 2.875000 2.617993878E-01 0.000000000E+00 0.000000000E+00
 0.000000000E+00 1.308996939E-01 1.308996939E-01 0.000000000E+00 0.000000000E+00
-3.051070240E+01 0.000000000E+00-2.678246648E+01 1.127580000E+02
-4.188790205E+00 0.000000000E+00 0.000000000E+00
DRIF[000096]             .301150 0.000000000E+00 0.000000000E+00 0.000000000E+00
 0.000000000E+00 0.000000000E+00 0.000000000E+00 0.000000000E+00 0.000000000E+00
-3.024989885E+01 0.000000000E+00-2.693304148E+01 1.130591500E+02
-4.188790205E+00 0.000000000E+00 0.000000000E+00
QUADQD23                 .499700 0.000000000E+00-5.850000000E-01 0.000000000E+00
 0.000000000E+00 0.000000000E+00 0.000000000E+00 0.000000000E+00 0.000000000E+00
-2.981714595E+01 0.000000000E+00-2.718289148E+01 1.135588500E+02
-4.188790205E+00 0.000000000E+00 0.000000000E+00
DRIF[000097]             .021150 0.000000000E+00 0.000000000E+00 0.000000000E+00
 0.000000000E+00 0.000000000E+00 0.000000000E+00 0.000000000E+00 0.000000000E+00
-2.979882952E+01 0.000000000E+00-2.719346648E+01 1.135800000E+02
-4.188790205E+00 0.000000000E+00 0.000000000E+00
MONIBPM23                .000000 0.000000000E+00 0.000000000E+00 0.000000000E+00
 0.000000000E+00 0.000000000E+00 0.000000000E+00 0.000000000E+00 0.000000000E+00
-2.979882952E+01 0.000000000E+00-2.719346648E+01 1.135800000E+02
-4.188790205E+00 0.000000000E+00 0.000000000E+00
DRIF[000098]            1.440000 0.000000000E+00 0.000000000E+00 0.000000000E+00
 0.000000000E+00 0.000000000E+00 0.000000000E+00 0.000000000E+00 0.000000000E+00
-2.855175294E+01 0.000000000E+00-2.791346648E+01 1.150200000E+02
-4.188790205E+00 0.000000000E+00 0.000000000E+00
SBENM23                 2.875000 2.617993878E-01 0.000000000E+00 0.000000000E+00
 0.000000000E+00 1.308996939E-01 1.308996939E-01 0.000000000E+00 0.000000000E+00
-2.590317820E+01 0.000000000E+00-2.901054206E+01 1.178950000E+02
-4.450589593E+00 0.000000000E+00 0.000000000E+00
DRIF[000099]             .301650 0.000000000E+00 0.000000000E+00 0.000000000E+00
 0.000000000E+00 0.000000000E+00 0.000000000E+00 0.000000000E+00 0.000000000E+00
-2.561180667E+01 0.000000000E+00-2.908861482E+01 1.181966500E+02
-4.450589593E+00 0.000000000E+00 0.000000000E+00
QUADQF24                 .499700 0.000000000E+00 6.210000000E-01 0.000000000E+00
 0.000000000E+00 0.000000000E+00 0.000000000E+00 0.000000000E+00 0.000000000E+00
-2.512913354E+01 0.000000000E+00-2.921794670E+01 1.186963500E+02
-4.450589593E+00 0.000000000E+00 0.000000000E+00
DRIF[000100]             .023650 0.000000000E+00 0.000000000E+00 0.000000000E+00
 0.000000000E+00 0.000000000E+00 0.000000000E+00 0.000000000E+00 0.000000000E+00
-2.510628939E+01 0.000000000E+00-2.922406777E+01 1.187200000E+02
-4.450589593E+00 0.000000000E+00 0.000000000E+00
MONIBPM24                .000000 0.000000000E+00 0.000000000E+00 0.000000000E+00
 0.000000000E+00 0.000000000E+00 0.000000000E+00 0.000000000E+00 0.000000000E+00
-2.510628939E+01 0.000000000E+00-2.922406777E+01 1.187200000E+02
-4.450589593E+00 0.000000000E+00 0.000000000E+00
DRIF[000101]             .501000 0.000000000E+00 0.000000000E+00 0.000000000E+00
 0.000000000E+00 0.000000000E+00 0.000000000E+00 0.000000000E+00 0.000000000E+00
-2.462236055E+01 0.000000000E+00-2.935373611E+01 1.192210000E+02
-4.450589593E+00 0.000000000E+00 0.000000000E+00
HKICKH24                 .000000 0.000000000E+00 0.000000000E+00 0.000000000E+00
 0.000000000E+00 0.000000000E+00 0.000000000E+00 0.000000000E+00 0.000000000E+00
-2.462236055E+01 0.000000000E+00-2.935373611E+01 1.192210000E+02
-4.450589593E+00 0.000000000E+00 0.000000000E+00
DRIF[000102]             .420000 0.000000000E+00 0.000000000E+00 0.000000000E+00
 0.000000000E+00 0.000000000E+00 0.000000000E+00 0.000000000E+00 0.000000000E+00
-2.421667170E+01 0.000000000E+00-2.946244011E+01 1.196410000E+02
-4.450589593E+00 0.000000000E+00 0.000000000E+00
VKICKV2324               .000000 0.000000000E+00 0.000000000E+00 0.000000000E+00
 0.000000000E+00 0.000000000E+00 0.000000000E+00 0.000000000E+00 0.000000000E+00
-2.421667170E+01 0.000000000E+00-2.946244011E+01 1.196410000E+02
-4.450589593E+00 0.000000000E+00 0.000000000E+00
DRIF[000103]             .517000 0.000000000E+00 0.000000000E+00 0.000000000E+00
 0.000000000E+00 0.000000000E+00 0.000000000E+00 0.000000000E+00 0.000000000E+00
-2.371728805E+01 0.000000000E+00-2.959624955E+01 1.201580000E+02
-4.450589593E+00 0.000000000E+00 0.000000000E+00
SBENM24                 2.875000 2.617993878E-01 0.000000000E+00 0.000000000E+00
 0.000000000E+00 1.308996939E-01 1.308996939E-01 0.000000000E+00 0.000000000E+00
-2.087501725E+01 0.000000000E+00-2.997044160E+01 1.230330000E+02
-4.712388980E+00 0.000000000E+00 0.000000000E+00
DRIF[000104]             .277000 0.000000000E+00 0.000000000E+00 0.000000000E+00
 0.000000000E+00 0.000000000E+00 0.000000000E+00 0.000000000E+00 0.000000000E+00
-2.059801725E+01 0.000000000E+00-2.997044160E+01 1.233100000E+02
-4.712388980E+00 0.000000000E+00 0.000000000E+00
MONIBPM25                .000000 0.000000000E+00 0.000000000E+00 0.000000000E+00
 0.000000000E+00 0.000000000E+00 0.000000000E+00 0.000000000E+00 0.000000000E+00
-2.059801725E+01 0.000000000E+00-2.997044160E+01 1.233100000E+02
-4.712388980E+00 0.000000000E+00 0.000000000E+00
DRIF[000105]             .024150 0.000000000E+00 0.000000000E+00 0.000000000E+00
 0.000000000E+00 0.000000000E+00 0.000000000E+00 0.000000000E+00 0.000000000E+00
-2.057386725E+01 0.000000000E+00-2.997044160E+01 1.233341500E+02
-4.712388980E+00 0.000000000E+00 0.000000000E+00
QUADQD25                 .499700 0.000000000E+00-5.870000000E-01 0.000000000E+00
 0.000000000E+00 0.000000000E+00 0.000000000E+00 0.000000000E+00 0.000000000E+00
-2.007416725E+01 0.000000000E+00-2.997044160E+01 1.238338500E+02
-4.712388980E+00 0.000000000E+00 0.000000000E+00
DRIF[000106]             .301150 0.000000000E+00 0.000000000E+00 0.000000000E+00
 0.000000000E+00 0.000000000E+00 0.000000000E+00 0.000000000E+00 0.000000000E+00
-1.977301725E+01 0.000000000E+00-2.997044160E+01 1.241350000E+02
-4.712388980E+00 0.000000000E+00 0.000000000E+00
SBENM25                 2.875000 2.617993878E-01 0.000000000E+00 0.000000000E+00
 0.000000000E+00 1.308996939E-01 1.308996939E-01 0.000000000E+00 0.000000000E+00
-1.693074646E+01 0.000000000E+00-2.959624955E+01 1.270100000E+02
-4.974188368E+00 0.000000000E+00 0.000000000E+00
DRIF[000107]             .762000 0.000000000E+00 0.000000000E+00 0.000000000E+00
 0.000000000E+00 0.000000000E+00 0.000000000E+00 0.000000000E+00 0.000000000E+00
-1.619471098E+01 0.000000000E+00-2.939902944E+01 1.277720000E+02
-4.974188368E+00 0.000000000E+00 0.000000000E+00
VKICKV25                 .000000 0.000000000E+00 0.000000000E+00 0.000000000E+00
 0.000000000E+00 0.000000000E+00 0.000000000E+00 0.000000000E+00 0.000000000E+00
-1.619471098E+01 0.000000000E+00-2.939902944E+01 1.277720000E+02
-4.974188368E+00 0.000000000E+00 0.000000000E+00
DRIF[000108]             .170000 0.000000000E+00 0.000000000E+00 0.000000000E+00
 0.000000000E+00 0.000000000E+00 0.000000000E+00 0.000000000E+00 0.000000000E+00
-1.603050359E+01 0.000000000E+00-2.935503020E+01 1.279420000E+02
-4.974188368E+00 0.000000000E+00 0.000000000E+00
HKICKH25                 .000000 0.000000000E+00 0.000000000E+00 0.000000000E+00
 0.000000000E+00 0.000000000E+00 0.000000000E+00 0.000000000E+00 0.000000000E+00
-1.603050359E+01 0.000000000E+00-2.935503020E+01 1.279420000E+02
-4.974188368E+00 0.000000000E+00 0.000000000E+00
DRIF[000109]             .529650 0.000000000E+00 0.000000000E+00 0.000000000E+00
 0.000000000E+00 0.000000000E+00 0.000000000E+00 0.000000000E+00 0.000000000E+00
-1.551890097E+01 0.000000000E+00-2.921794670E+01 1.284716500E+02
-4.974188368E+00 0.000000000E+00 0.000000000E+00
QUADQF26                 .499700 0.000000000E+00 6.190000000E-01 0.000000000E+00
 0.000000000E+00 0.000000000E+00 0.000000000E+00 0.000000000E+00 0.000000000E+00
-1.503622784E+01 0.000000000E+00-2.908861482E+01 1.289713500E+02
-4.974188368E+00 0.000000000E+00 0.000000000E+00
DRIF[000110]             .018650 0.000000000E+00 0.000000000E+00 0.000000000E+00
 0.000000000E+00 0.000000000E+00 0.000000000E+00 0.000000000E+00 0.000000000E+00
-1.501821332E+01 0.000000000E+00-2.908378785E+01 1.289900000E+02
-4.974188368E+00 0.000000000E+00 0.000000000E+00
MONIBPM26                .000000 0.000000000E+00 0.000000000E+00 0.000000000E+00
 0.000000000E+00 0.000000000E+00 0.000000000E+00 0.000000000E+00 0.000000000E+00
-1.501821332E+01 0.000000000E+00-2.908378785E+01 1.289900000E+02
-4.974188368E+00 0.000000000E+00 0.000000000E+00
DRIF[000111]             .283000 0.000000000E+00 0.000000000E+00 0.000000000E+00
 0.000000000E+00 0.000000000E+00 0.000000000E+00 0.000000000E+00 0.000000000E+00
-1.474485631E+01 0.000000000E+00-2.901054206E+01 1.292730000E+02
-4.974188368E+00 0.000000000E+00 0.000000000E+00
SBENM26                 2.875000 2.617993878E-01 0.000000000E+00 0.000000000E+00
 0.000000000E+00 1.308996939E-01 1.308996939E-01 0.000000000E+00 0.000000000E+00
-1.209628157E+01 0.000000000E+00-2.791346648E+01 1.321480000E+02
-5.235987756E+00 0.000000000E+00 0.000000000E+00
DRIF[000112]             .788000 0.000000000E+00 0.000000000E+00 0.000000000E+00
 0.000000000E+00 0.000000000E+00 0.000000000E+00 0.000000000E+00 0.000000000E+00
-1.141385355E+01 0.000000000E+00-2.751946648E+01 1.329360000E+02
-5.235987756E+00 0.000000000E+00 0.000000000E+00
VKICKV26                 .000000 0.000000000E+00 0.000000000E+00 0.000000000E+00
 0.000000000E+00 0.000000000E+00 0.000000000E+00 0.000000000E+00 0.000000000E+00
-1.141385355E+01 0.000000000E+00-2.751946648E+01 1.329360000E+02
-5.235987756E+00 0.000000000E+00 0.000000000E+00
DRIF[000113]             .249000 0.000000000E+00 0.000000000E+00 0.000000000E+00
 0.000000000E+00 0.000000000E+00 0.000000000E+00 0.000000000E+00 0.000000000E+00
-1.119821323E+01 0.000000000E+00-2.739496648E+01 1.331850000E+02
-5.235987756E+00 0.000000000E+00 0.000000000E+00
SEXTSD26                 .287000 0.000000000E+00 0.000000000E+00 0.000000000E+00
 0.000000000E+00 0.000000000E+00 0.000000000E+00 0.000000000E+00 0.000000000E+00
-1.094966394E+01 0.000000000E+00-2.725146648E+01 1.334720000E+02
-5.235987756E+00 0.000000000E+00 0.000000000E+00
DRIF[000114]             .118000 0.000000000E+00 0.000000000E+00 0.000000000E+00
 0.000000000E+00 0.000000000E+00 0.000000000E+00 0.000000000E+00 0.000000000E+00
-1.084747294E+01 0.000000000E+00-2.719246648E+01 1.335900000E+02
-5.235987756E+00 0.000000000E+00 0.000000000E+00
MONIBPM27                .000000 0.000000000E+00 0.000000000E+00 0.000000000E+00
 0.000000000E+00 0.000000000E+00 0.000000000E+00 0.000000000E+00 0.000000000E+00
-1.084747294E+01 0.000000000E+00-2.719246648E+01 1.335900000E+02
-5.235987756E+00 0.000000000E+00 0.000000000E+00
DRIF[000115]             .019150 0.000000000E+00 0.000000000E+00 0.000000000E+00
 0.000000000E+00 0.000000000E+00 0.000000000E+00 0.000000000E+00 0.000000000E+00
-1.083088855E+01 0.000000000E+00-2.718289148E+01 1.336091500E+02
-5.235987756E+00 0.000000000E+00 0.000000000E+00
QUADQD27                 .499700 0.000000000E+00-5.890000000E-01 0.000000000E+00
 0.000000000E+00 0.000000000E+00 0.000000000E+00 0.000000000E+00 0.000000000E+00
-1.039813566E+01 0.000000000E+00-2.693304148E+01 1.341088500E+02
-5.235987756E+00 0.000000000E+00 0.000000000E+00
DRIF[000116]             .301150 0.000000000E+00 0.000000000E+00 0.000000000E+00
 0.000000000E+00 0.000000000E+00 0.000000000E+00 0.000000000E+00 0.000000000E+00
-1.013733211E+01 0.000000000E+00-2.678246648E+01 1.344100000E+02
-5.235987756E+00 0.000000000E+00 0.000000000E+00
SBENM27                 2.875000 2.617993878E-01 0.000000000E+00 0.000000000E+00
 0.000000000E+00 1.308996939E-01 1.308996939E-01 0.000000000E+00 0.000000000E+00
-7.862949419E+00 0.000000000E+00-2.503727126E+01 1.372850000E+02
-5.497787144E+00 0.000000000E+00 0.000000000E+00
DRIF[000117]             .767000 0.000000000E+00 0.000000000E+00 0.000000000E+00
 0.000000000E+00 0.000000000E+00 0.000000000E+00 0.000000000E+00 0.000000000E+00
-7.320598518E+00 0.000000000E+00-2.449492036E+01 1.380520000E+02
-5.497787144E+00 0.000000000E+00 0.000000000E+00
HKICKH27                 .000000 0.000000000E+00 0.000000000E+00 0.000000000E+00
 0.000000000E+00 0.000000000E+00 0.000000000E+00 0.000000000E+00 0.000000000E+00
-7.320598518E+00 0.000000000E+00-2.449492036E+01 1.380520000E+02
-5.497787144E+00 0.000000000E+00 0.000000000E+00
DRIF[000118]             .271000 0.000000000E+00 0.000000000E+00 0.000000000E+00
 0.000000000E+00 0.000000000E+00 0.000000000E+00 0.000000000E+00 0.000000000E+00
-7.128972580E+00 0.000000000E+00-2.430329442E+01 1.383230000E+02
-5.497787144E+00 0.000000000E+00 0.000000000E+00
SEXTSF27                 .287000 0.000000000E+00 0.000000000E+00 0.000000000E+00
 0.000000000E+00 0.000000000E+00 0.000000000E+00 0.000000000E+00 0.000000000E+00
-6.926032934E+00 0.000000000E+00-2.410035477E+01 1.386100000E+02
-5.497787144E+00 0.000000000E+00 0.000000000E+00
DRIF[000119]             .120000 0.000000000E+00 0.000000000E+00 0.000000000E+00
 0.000000000E+00 0.000000000E+00 0.000000000E+00 0.000000000E+00 0.000000000E+00
-6.841180120E+00 0.000000000E+00-2.401550196E+01 1.387300000E+02
-5.497787144E+00 0.000000000E+00 0.000000000E+00
MONIBPM28                .000000 0.000000000E+00 0.000000000E+00 0.000000000E+00
 0.000000000E+00 0.000000000E+00 0.000000000E+00 0.000000000E+00 0.000000000E+00
-6.841180120E+00 0.000000000E+00-2.401550196E+01 1.387300000E+02
-5.497787144E+00 0.000000000E+00 0.000000000E+00
DRIF[000120]             .016650 0.000000000E+00 0.000000000E+00 0.000000000E+00
 0.000000000E+00 0.000000000E+00 0.000000000E+00 0.000000000E+00 0.000000000E+00
-6.829406792E+00 0.000000000E+00-2.400372863E+01 1.387466500E+02
-5.497787144E+00 0.000000000E+00 0.000000000E+00
QUADQF28                 .499700 0.000000000E+00 6.170000000E-01 0.000000000E+00
 0.000000000E+00 0.000000000E+00 0.000000000E+00 0.000000000E+00 0.000000000E+00
-6.476065534E+00 0.000000000E+00-2.365038737E+01 1.392463500E+02
-5.497787144E+00 0.000000000E+00 0.000000000E+00
DRIF[000121]             .301650 0.000000000E+00 0.000000000E+00 0.000000000E+00
 0.000000000E+00 0.000000000E+00 0.000000000E+00 0.000000000E+00 0.000000000E+00
-6.262766773E+00 0.000000000E+00-2.343708861E+01 1.395480000E+02
-5.497787144E+00 0.000000000E+00 0.000000000E+00
SBENM28                 2.875000 2.617993878E-01 0.000000000E+00 0.000000000E+00
 0.000000000E+00 1.308996939E-01 1.308996939E-01 0.000000000E+00 0.000000000E+00
-4.517571554E+00 0.000000000E+00-2.116270592E+01 1.424230000E+02
-5.759586532E+00 0.000000000E+00 0.000000000E+00
DRIF[000122]            1.211000 0.000000000E+00 0.000000000E+00 0.000000000E+00
 0.000000000E+00 0.000000000E+00 0.000000000E+00 0.000000000E+00 0.000000000E+00
-3.912071554E+00 0.000000000E+00-2.011394916E+01 1.436340000E+02
-5.759586532E+00 0.000000000E+00 0.000000000E+00
VKICKV28                 .000000 0.000000000E+00 0.000000000E+00 0.000000000E+00
 0.000000000E+00 0.000000000E+00 0.000000000E+00 0.000000000E+00 0.000000000E+00
-3.912071554E+00 0.000000000E+00-2.011394916E+01 1.436340000E+02
-5.759586532E+00 0.000000000E+00 0.000000000E+00
DRIF[000123]             .250150 0.000000000E+00 0.000000000E+00 0.000000000E+00
 0.000000000E+00 0.000000000E+00 0.000000000E+00 0.000000000E+00 0.000000000E+00
-3.786996554E+00 0.000000000E+00-1.989731290E+01 1.438841500E+02
-5.759586532E+00 0.000000000E+00 0.000000000E+00
QUADQD29                 .499700 0.000000000E+00-5.910000000E-01 0.000000000E+00
 0.000000000E+00 0.000000000E+00 0.000000000E+00 0.000000000E+00 0.000000000E+00
-3.537146554E+00 0.000000000E+00-1.946456001E+01 1.443838500E+02
-5.759586532E+00 0.000000000E+00 0.000000000E+00
DRIF[000124]             .016150 0.000000000E+00 0.000000000E+00 0.000000000E+00
 0.000000000E+00 0.000000000E+00 0.000000000E+00 0.000000000E+00 0.000000000E+00
-3.529071554E+00 0.000000000E+00-1.945057370E+01 1.444000000E+02
-5.759586532E+00 0.000000000E+00 0.000000000E+00
MONIBPM29                .000000 0.000000000E+00 0.000000000E+00 0.000000000E+00
 0.000000000E+00 0.000000000E+00 0.000000000E+00 0.000000000E+00 0.000000000E+00
-3.529071554E+00 0.000000000E+00-1.945057370E+01 1.444000000E+02
-5.759586532E+00 0.000000000E+00 0.000000000E+00
DRIF[000125]             .285000 0.000000000E+00 0.000000000E+00 0.000000000E+00
 0.000000000E+00 0.000000000E+00 0.000000000E+00 0.000000000E+00 0.000000000E+00
-3.386571554E+00 0.000000000E+00-1.920375646E+01 1.446850000E+02
-5.759586532E+00 0.000000000E+00 0.000000000E+00
SBENM29                 2.875000 2.617993878E-01 0.000000000E+00 0.000000000E+00
 0.000000000E+00 1.308996939E-01 1.308996939E-01 0.000000000E+00 0.000000000E+00
-2.289495976E+00 0.000000000E+00-1.655518172E+01 1.475600000E+02
-6.021385919E+00 0.000000000E+00 0.000000000E+00
DRIF[000126]            1.461650 0.000000000E+00 0.000000000E+00 0.000000000E+00
 0.000000000E+00 0.000000000E+00 0.000000000E+00 0.000000000E+00 0.000000000E+00
-1.911193119E+00 0.000000000E+00-1.514333624E+01 1.490216500E+02
-6.021385919E+00 0.000000000E+00 0.000000000E+00
QUADQF30                 .499700 0.000000000E+00 6.150000000E-01 0.000000000E+00
 0.000000000E+00 0.000000000E+00 0.000000000E+00 0.000000000E+00 0.000000000E+00
-1.781861242E+00 0.000000000E+00-1.466066310E+01 1.495213500E+02
-6.021385919E+00 0.000000000E+00 0.000000000E+00
DRIF[000127]             .018650 0.000000000E+00 0.000000000E+00 0.000000000E+00
 0.000000000E+00 0.000000000E+00 0.000000000E+00 0.000000000E+00 0.000000000E+00
-1.777034267E+00 0.000000000E+00-1.464264858E+01 1.495400000E+02
-6.021385919E+00 0.000000000E+00 0.000000000E+00
MONIBPM30                .000000 0.000000000E+00 0.000000000E+00 0.000000000E+00
 0.000000000E+00 0.000000000E+00 0.000000000E+00 0.000000000E+00 0.000000000E+00
-1.777034267E+00 0.000000000E+00-1.464264858E+01 1.495400000E+02
-6.021385919E+00 0.000000000E+00 0.000000000E+00
DRIF[000128]             .459000 0.000000000E+00 0.000000000E+00 0.000000000E+00
 0.000000000E+00 0.000000000E+00 0.000000000E+00 0.000000000E+00 0.000000000E+00
-1.658236325E+00 0.000000000E+00-1.419928863E+01 1.499990000E+02
-6.021385919E+00 0.000000000E+00 0.000000000E+00
HKICKH30                 .000000 0.000000000E+00 0.000000000E+00 0.000000000E+00
 0.000000000E+00 0.000000000E+00 0.000000000E+00 0.000000000E+00 0.000000000E+00
-1.658236325E+00 0.000000000E+00-1.419928863E+01 1.499990000E+02
-6.021385919E+00 0.000000000E+00 0.000000000E+00
DRIF[000129]            2.705000 0.000000000E+00 0.000000000E+00 0.000000000E+00
 0.000000000E+00 0.000000000E+00 0.000000000E+00 0.000000000E+00 0.000000000E+00
-9.581308078E-01 0.000000000E+00-1.158645927E+01 1.527040000E+02
-6.021385919E+00 0.000000000E+00 0.000000000E+00
VKICKV30                 .000000 0.000000000E+00 0.000000000E+00 0.000000000E+00
 0.000000000E+00 0.000000000E+00 0.000000000E+00 0.000000000E+00 0.000000000E+00
-9.581308078E-01 0.000000000E+00-1.158645927E+01 1.527040000E+02
-6.021385919E+00 0.000000000E+00 0.000000000E+00
DRIF[000130]            1.455150 0.000000000E+00 0.000000000E+00 0.000000000E+00
 0.000000000E+00 0.000000000E+00 0.000000000E+00 0.000000000E+00 0.000000000E+00
-5.815102743E-01 0.000000000E+00-1.018089230E+01 1.541591500E+02
-6.021385919E+00 0.000000000E+00 0.000000000E+00
QUADQD31                 .499700 0.000000000E+00-5.930000000E-01 0.000000000E+00
 0.000000000E+00 0.000000000E+00 0.000000000E+00 0.000000000E+00 0.000000000E+00
-4.521783975E-01 0.000000000E+00-9.698219167E+00 1.546588500E+02
-6.021385919E+00 0.000000000E+00 0.000000000E+00
DRIF[000131]             .021150 0.000000000E+00 0.000000000E+00 0.000000000E+00
 0.000000000E+00 0.000000000E+00 0.000000000E+00 0.000000000E+00 0.000000000E+00
-4.467043747E-01 0.000000000E+00-9.677789836E+00 1.546800000E+02
-6.021385919E+00 0.000000000E+00 0.000000000E+00
MONIBPM31                .000000 0.000000000E+00 0.000000000E+00 0.000000000E+00
 0.000000000E+00 0.000000000E+00 0.000000000E+00 0.000000000E+00 0.000000000E+00
-4.467043747E-01 0.000000000E+00-9.677789836E+00 1.546800000E+02
-6.021385919E+00 0.000000000E+00 0.000000000E+00
DRIF[000132]             .280000 0.000000000E+00 0.000000000E+00 0.000000000E+00
 0.000000000E+00 0.000000000E+00 0.000000000E+00 0.000000000E+00 0.000000000E+00
-3.742350421E-01 0.000000000E+00-9.407330605E+00 1.549600000E+02
-6.021385919E+00 0.000000000E+00 0.000000000E+00
SBENM31                 2.875000 2.617993878E-01 0.000000000E+00 0.000000000E+00
 0.000000000E+00 1.308996939E-01 1.308996939E-01 0.000000000E+00 0.000000000E+00
-4.299279623E-05 0.000000000E+00-6.565059808E+00 1.578350000E+02
-6.283185307E+00 0.000000000E+00 0.000000000E+00
DRIF[000133]            1.461650 0.000000000E+00 0.000000000E+00 0.000000000E+00
 0.000000000E+00 0.000000000E+00 0.000000000E+00 0.000000000E+00 0.000000000E+00
-4.299279625E-05 0.000000000E+00-5.103409808E+00 1.592966500E+02
-6.283185307E+00 0.000000000E+00 0.000000000E+00
QUADQF32                 .499700 0.000000000E+00 6.130000000E-01 0.000000000E+00
 0.000000000E+00 0.000000000E+00 0.000000000E+00 0.000000000E+00 0.000000000E+00
-4.299279626E-05 0.000000000E+00-4.603709808E+00 1.597963500E+02
-6.283185307E+00 0.000000000E+00 0.000000000E+00
DRIF[000134]             .023650 0.000000000E+00 0.000000000E+00 0.000000000E+00
 0.000000000E+00 0.000000000E+00 0.000000000E+00 0.000000000E+00 0.000000000E+00
-4.299279626E-05 0.000000000E+00-4.580059808E+00 1.598200000E+02
-6.283185307E+00 0.000000000E+00 0.000000000E+00
MONIBPM32                .000000 0.000000000E+00 0.000000000E+00 0.000000000E+00
 0.000000000E+00 0.000000000E+00 0.000000000E+00 0.000000000E+00 0.000000000E+00
-4.299279626E-05 0.000000000E+00-4.580059808E+00 1.598200000E+02
-6.283185307E+00 0.000000000E+00 0.000000000E+00
DRIF[000135]            1.617000 0.000000000E+00 0.000000000E+00 0.000000000E+00
 0.000000000E+00 0.000000000E+00 0.000000000E+00 0.000000000E+00 0.000000000E+00
-4.299279628E-05 0.000000000E+00-2.963059808E+00 1.614370000E+02
-6.283185307E+00 0.000000000E+00 0.000000000E+00
HKICKH32                 .000000 0.000000000E+00 0.000000000E+00 0.000000000E+00
 0.000000000E+00 0.000000000E+00 0.000000000E+00 0.000000000E+00 0.000000000E+00
-4.299279628E-05 0.000000000E+00-2.963059808E+00 1.614370000E+02
-6.283185307E+00 0.000000000E+00 0.000000000E+00
DRIF[000136]            2.963000 0.000000000E+00 0.000000000E+00 0.000000000E+00
 0.000000000E+00 0.000000000E+00 0.000000000E+00 0.000000000E+00 0.000000000E+00
-4.299279632E-05 0.000000000E+00-5.980762084E-05 1.644000000E+02
-6.283185307E+00 0.000000000E+00 0.000000000E+00
MARKENDM                 .000000 0.000000000E+00 0.000000000E+00 0.000000000E+00
 0.000000000E+00 0.000000000E+00 0.000000000E+00 0.000000000E+00 0.000000000E+00
-4.299279632E-05 0.000000000E+00-5.980762084E-05 1.644000000E+02
-6.283185307E+00 0.000000000E+00 0.000000000E+00

                                 1.644000000E+02
