
MAP      1, NO =     6, NV =     6, INA =     1
**************************************************

    I  COEFFICIENT               ORDER   EXPONENTS
      NO =     6      NV =     6
    1  -2.72723374323918299E-01  1  0  0  0  0  0
    1   7.46768029751440032E+00  0  1  0  0  0  0
    1   1.50711263739551366E-03  0  0  0  0  1  0
    2  -7.40424391388992742E+00  2  0  0  0  0  0
    2   3.92902900757946867E+01  1  1  0  0  0  0
    2  -3.67411347997147741E+00  1  0  0  0  1  0
    2   2.01716332048323068E+02  0  2  0  0  0  0
    2  -6.69466010877183919E+01  0  1  0  0  1  0
    2   3.54521738407443792E+01  0  0  2  0  0  0
    2   5.32732865935397655E+01  0  0  1  1  0  0
    2   8.90196279923169641E+02  0  0  0  2  0  0
    2  -7.68577599701837366E-01  0  0  0  0  2  0
    3  -2.21536002833720522E+03  3  0  0  0  0  0
    3  -6.02679138885774773E+03  2  1  0  0  0  0
    3  -3.25640814754455675E+02  2  0  0  0  1  0
    3  -1.79423048213934206E+05  1  2  0  0  0  0
    3  -3.05244702494593821E+03  1  1  0  0  1  0
    3  -8.55917855406639865E+03  1  0  2  0  0  0
    3   7.40263183818144535E+03  1  0  1  1  0  0
    3  -5.50054775060062384E+04  1  0  0  2  0  0
    3   2.91657078903749039E+01  1  0  0  0  2  0
    3  -3.74108984689618926E+05  0  3  0  0  0  0
    3  -1.63152735658727033E+04  0  2  0  0  1  0
    3  -3.04922127142416502E+03  0  1  2  0  0  0
    3  -2.09726357347950921E+05  0  1  1  1  0  0
    3   8.16350044466924737E+04  0  1  0  2  0  0
    3   1.56142488896871100E+02  0  1  0  0  2  0
    3  -6.91685350820594067E+02  0  0  2  0  1  0
    3   8.26237086718841056E+02  0  0  1  1  1  0
    3   1.83236684926038788E+03  0  0  0  2  1  0
    3   5.45117301587927727E+00  0  0  0  0  3  0
    4   1.08496632005452964E+05  4  0  0  0  0  0
    4  -5.79767242890149704E+05  3  1  0  0  0  0
    4   1.30669241593544211E+05  3  0  0  0  1  0
    4  -6.27017325997146312E+06  2  2  0  0  0  0
    4   3.16825443476406741E+05  2  1  0  0  1  0
    4   4.51073440214006987E+05  2  0  2  0  0  0
    4  -1.43682621958901896E+06  2  0  1  1  0  0
    4   7.12514485562150553E+06  2  0  0  2  0  0
    4  -7.32789791573340517E+03  2  0  0  0  2  0
    4  -4.41878202447228953E+07  1  3  0  0  0  0
    4   8.36659880913331732E+06  1  2  0  0  1  0
    4   6.60703756127065164E+05  1  1  2  0  0  0
    4   3.70510837782117538E+06  1  1  1  1  0  0
    4  -6.63303164612692520E+07  1  1  0  2  0  0
    4  -1.60747964636421802E+04  1  1  0  0  2  0
    4   1.56962151589916844E+05  1  0  2  0  1  0
    4  -8.51078099249651132E+04  1  0  1  1  1  0
    4  -1.82204249896161002E+06  1  0  0  2  1  0
    4   7.66289212372069233E+03  1  0  0  0  3  0
    4  -1.70380404152011096E+08  0  4  0  0  0  0
    4   1.80633019875599071E+07  0  3  0  0  1  0
    4  -1.05118503422951847E+07  0  2  2  0  0  0
    4   4.56127606092869639E+07  0  2  1  1  0  0
    4   2.54888916002974212E+08  0  2  0  2  0  0
    4  -1.09707411296565202E+05  0  2  0  0  2  0
    4   6.49588051990912845E+02  0  1  2  0  1  0
    4   6.66356591961295996E+06  0  1  1  1  1  0
    4  -1.69498238787110941E+06  0  1  0  2  1  0
    4   2.48193894455035625E+04  0  1  0  0  3  0
    4   2.51503094579661934E+05  0  0  4  0  0  0
    4  -3.28386651570747199E+05  0  0  3  1  0  0
    4   8.32733891221187636E+06  0  0  2  2  0  0
    4   1.79429207411867446E+03  0  0  2  0  2  0
    4  -6.78467515450736508E+06  0  0  1  3  0  0
    4  -2.00000380318413299E+04  0  0  1  1  2  0
    4   6.55001605326521248E+07  0  0  0  4  0  0
    4   6.41925425716543250E+04  0  0  0  2  2  0
    4  -4.24439892111598049E-01  0  0  0  0  4  0
    5  -6.53891905043408275E+06  5  0  0  0  0  0
    5  -1.74816935000890456E+07  4  1  0  0  0  0
    5  -2.46958780525964126E+06  4  0  0  0  1  0
    5  -7.60775933767788529E+08  3  2  0  0  0  0
    5   2.66292812682973929E+07  3  1  0  0  1  0
    5   6.55009591441245563E+06  3  0  2  0  0  0
    5  -7.61304539381645471E+07  3  0  1  1  0  0
    5  -1.04236583160331875E+08  3  0  0  2  0  0
    5  -1.42597296294330293E+06  3  0  0  0  2  0
    5  -6.44516042142658615E+09  2  3  0  0  0  0
    5   3.41901586315662086E+08  2  2  0  0  1  0
    5  -7.03483977376142740E+07  2  1  2  0  0  0
    5   8.76972982971527457E+08  2  1  1  1  0  0
    5  -3.37917025835764265E+09  2  1  0  2  0  0
    5  -1.05204715963423550E+07  2  1  0  0  2  0
    5  -1.04410654225362968E+07  2  0  2  0  1  0
    5   8.15430260370864719E+06  2  0  1  1  1  0
    5  -1.91911454024059713E+08  2  0  0  2  1  0
    5   7.87770129950608825E+04  2  0  0  0  3  0
    5  -3.32592291446683388E+10  1  4  0  0  0  0
    5   2.92007153195330000E+09  1  3  0  0  1  0
    5   1.14702789121355712E+08  1  2  2  0  0  0
    5  -1.56948764027293816E+10  1  2  1  1  0  0
    5   1.67558127095220757E+10  1  2  0  2  0  0
    5  -2.64545242570587546E+08  1  2  0  0  2  0
    5  -5.89963484124756604E+07  1  1  2  0  1  0
    5  -2.44383858943253577E+08  1  1  1  1  1  0
    5  -1.05379285201523721E+09  1  1  0  2  1  0
    5   2.74467092239471432E+06  1  1  0  0  3  0
    5   7.66452141567839868E+06  1  0  4  0  0  0
    5   2.65901354276722908E+08  1  0  3  1  0  0
    5  -2.24653471525444448E+08  1  0  2  2  0  0
    5  -2.37095472617361275E+06  1  0  2  0  2  0
    5   6.38327612866700554E+09  1  0  1  3  0  0
    5  -4.60685940220031142E+06  1  0  1  1  2  0
    5  -9.19879462755387115E+09  1  0  0  4  0  0
    5  -8.62340430441953987E+07  1  0  0  2  2  0
    5  -9.91032239821908588E+04  1  0  0  0  4  0
    5  -1.67759817010906494E+11  0  5  0  0  0  0
    5   7.84490768810988522E+09  0  4  0  0  1  0
    5  -2.27832570194165182E+09  0  3  2  0  0  0
    5   3.79375348704465866E+10  0  3  1  1  0  0
    5  -4.77047565794078491E+11  0  3  0  2  0  0
    5  -5.68526243325885892E+08  0  3  0  0  2  0
    5   7.13352430433827192E+07  0  2  2  0  1  0
    5  -1.02735467221178484E+09  0  2  1  1  1  0
    5  -1.94783984142329369E+10  0  2  0  2  1  0
    5   1.76109534397169091E+07  0  2  0  0  3  0
    5  -2.74734955322113454E+08  0  1  4  0  0  0
    5   5.28787314803158164E+08  0  1  3  1  0  0
    5  -2.60712114009674788E+09  0  1  2  2  0  0
    5  -1.47790498939232202E+06  0  1  2  0  2  0
    5   1.89654173188741150E+10  0  1  1  3  0  0
    5  -6.35624324723697081E+06  0  1  1  1  2  0
    5   8.63335862862255554E+10  0  1  0  4  0  0
    5  -2.79040964242739022E+08  0  1  0  2  2  0
    5  -2.48672128953239764E+05  0  1  0  0  4  0
    5  -9.57178047612944990E+06  0  0  4  0  1  0
    5   1.06972407486008257E+07  0  0  3  1  1  0
    5  -9.80602384078951329E+07  0  0  2  2  1  0
    5  -5.23870191940177538E+04  0  0  2  0  3  0
    5   2.09120381231830657E+08  0  0  1  3  1  0
    5   4.15609173318344576E+05  0  0  1  1  3  0
    5   1.65133021781265855E+09  0  0  0  4  1  0
    5  -5.37110385606087465E+06  0  0  0  2  3  0
    5   3.44987153180549558E+03  0  0  0  0  5  0
    6   2.59144180586530983E+08  6  0  0  0  0  0
    6   5.73303599968162537E+08  5  1  0  0  0  0
    6  -1.07938126005501360E+08  5  0  0  0  1  0
    6   4.74861390250295639E+09  4  2  0  0  0  0
    6   2.53477441528905916E+09  4  1  0  0  1  0
    6   9.80935431454344749E+08  4  0  2  0  0  0
    6   8.76817997276344681E+09  4  0  1  1  0  0
    6   1.52257232887654228E+10  4  0  0  2  0  0
    6  -1.09881197880696272E+06  4  0  0  0  2  0
    6  -2.01941813744664856E+11  3  3  0  0  0  0
    6   2.65828123286299896E+10  3  2  0  0  1  0
    6   4.29230384285586262E+09  3  1  2  0  0  0
    6   8.45752834145524216E+09  3  1  1  1  0  0
    6   4.31252970902972046E+11  3  1  0  2  0  0
    6   1.95035090271725208E+07  3  1  0  0  2  0
    6  -3.23133879921503186E+08  3  0  2  0  1  0
    6   5.58362914756280708E+09  3  0  1  1  1  0
    6   1.60089549257182655E+10  3  0  0  2  1  0
    6   4.39095314140819386E+07  3  0  0  0  3  0
    6  -3.03611762137096924E+12  2  4  0  0  0  0
    6   5.34798280548740112E+11  2  3  0  0  1  0
    6   2.03789257142735657E+11  2  2  2  0  0  0
    6  -3.69485958476762329E+11  2  2  1  1  0  0
    6   1.23694733111927686E+12  2  2  0  2  0  0
    6  -4.94115206792808247E+09  2  2  0  0  2  0
    6   2.09621634614946222E+09  2  1  2  0  1  0
    6  -2.95170916892646790E+10  2  1  1  1  1  0
    6   3.23623130077868408E+11  2  1  0  2  1  0
    6   3.09705382105127513E+08  2  1  0  0  3  0
    6  -3.43225955044738293E+09  2  0  4  0  0  0
    6   9.14666593517597961E+09  2  0  3  1  0  0
    6  -4.47764843358375092E+10  2  0  2  2  0  0
    6   3.59228157641823769E+08  2  0  2  0  2  0
    6   2.73198161950949585E+11  2  0  1  3  0  0
    6   5.01945955974002555E+06  2  0  1  1  2  0
    6   1.04751445810651257E+12  2  0  0  4  0  0
    6   3.80390587366656542E+09  2  0  0  2  2  0
    6  -5.60180715950276889E+06  2  0  0  0  4  0
    6  -1.70509076323502383E+13  1  5  0  0  0  0
    6   1.70217122269480176E+12  1  4  0  0  1  0
    6  -1.55762301671842773E+11  1  3  2  0  0  0
    6   5.26720610850764648E+12  1  3  1  1  0  0
    6   4.43017637779255664E+12  1  3  0  2  0  0
    6  -6.23225750329260330E+10  1  3  0  0  2  0
    6  -2.02647263773137436E+10  1  2  2  0  1  0
    6   1.79166442312253723E+11  1  2  1  1  1  0
    6   8.71849176523182617E+11  1  2  0  2  1  0
    6   6.19707607268378258E+09  1  2  0  0  3  0
    6   1.30830538807143917E+10  1  1  4  0  0  0
    6  -2.82204657704098755E+11  1  1  3  1  0  0
    6   3.97206487804335022E+11  1  1  2  2  0  0
    6  -5.79960751296610981E+07  1  1  2  0  2  0
    6  -8.60624977263899512E+12  1  1  1  3  0  0
    6   6.84281654708981609E+09  1  1  1  1  2  0
    6   9.93911200759063281E+12  1  1  0  4  0  0
    6  -2.67504205270656013E+10  1  1  0  2  2  0
    6  -7.80144932582794502E+06  1  1  0  0  4  0
    6   4.76443430245213866E+08  1  0  4  0  1  0
    6  -1.29220455444062824E+10  1  0  3  1  1  0
    6   3.02066797679122467E+10  1  0  2  2  1  0
    6   1.73548277471896186E+07  1  0  2  0  3  0
    6  -2.03666173545796173E+11  1  0  1  3  1  0
    6   2.08875552091758758E+08  1  0  1  1  3  0
    6   1.77536501111951508E+11  1  0  0  4  1  0
    6  -8.11232356656670928E+08  1  0  0  2  3  0
    6   5.38329790712956339E+05  1  0  0  0  5  0
    6  -2.20341050735483359E+13  0  6  0  0  0  0
    6   1.64899072527127207E+13  0  5  0  0  1  0
    6   2.05741547671347339E+12  0  4  2  0  0  0
    6  -4.05498965223504219E+13  0  4  1  1  0  0
    6  -1.93610670587302578E+13  0  4  0  2  0  0
    6  -5.31922488873846130E+10  0  4  0  0  2  0
    6   3.98319666496514099E+11  0  3  2  0  1  0
    6  -3.93746009460784912E+12  0  3  1  1  1  0
    6   1.87407718694839375E+13  0  3  0  2  1  0
    6   2.18955817628296204E+10  0  3  0  0  3  0
    6   4.46383869907291870E+10  0  2  4  0  0  0
    6   9.55095226206547119E+11  0  2  3  1  0  0
    6  -1.94935106823761749E+11  0  2  2  2  0  0
    6  -3.00937423080809474E+08  0  2  2  0  2  0
    6   1.42291408286834883E+13  0  2  1  3  0  0
    6  -7.82451347382088184E+09  0  2  1  1  2  0
    6  -1.05764158837738594E+14  0  2  0  4  0  0
    6   4.47252747058783493E+10  0  2  0  2  2  0
    6  -7.86950516246105433E+07  0  2  0  0  4  0
    6   1.48809211735065804E+10  0  1  4  0  1  0
    6   1.37614460616096573E+10  0  1  3  1  1  0
    6  -1.07581226981543427E+10  0  1  2  2  1  0
    6   2.15975084796376824E+08  0  1  2  0  3  0
    6   6.12434480967210571E+11  0  1  1  3  1  0
    6  -8.52617940340149403E+08  0  1  1  1  3  0
    6  -4.37409272917257031E+12  0  1  0  4  1  0
    6   1.23025330370955639E+10  0  1  0  2  3  0
    6  -1.67546236553516192E+06  0  1  0  0  5  0
    6  -4.95133397795246065E+08  0  0  6  0  0  0
    6  -8.83008837799454880E+09  0  0  5  1  0  0
    6   5.89204922658467293E+09  0  0  4  2  0  0
    6   2.50798729676897466E+08  0  0  4  0  2  0
    6  -3.55285117387672119E+11  0  0  3  3  0  0
    6   2.59034918141078025E+08  0  0  3  1  2  0
    6   6.32662738954929810E+11  0  0  2  4  0  0
    6   5.29653558224828243E+09  0  0  2  2  2  0
    6   2.79181842553499900E+06  0  0  2  0  4  0
    6  -3.27701749826509180E+12  0  0  1  5  0  0
    6   7.61207447060499954E+09  0  0  1  3  2  0
    6  -1.13783021980850119E+06  0  0  1  1  4  0
    6   5.73528755178359961E+12  0  0  0  6  0  0
    6   5.38937145652626572E+10  0  0  0  4  2  0
    6   2.54092217462525852E+07  0  0  0  2  4  0
    6  -8.23272985690761125E+04  0  0  0  0  6  0
 -245   0.00000000000000000E+00  0  0  0  0  0  0

MAP      2, NO =     6, NV =     6, INA =     2
**************************************************

    I  COEFFICIENT               ORDER   EXPONENTS
      NO =     6      NV =     6
    1  -1.23950404680483281E-01  1  0  0  0  0  0
    1  -2.72723250373361426E-01  0  1  0  0  0  0
    1   1.46777552036740628E-04  0  0  0  0  1  0
    2   4.33807068326088618E-01  2  0  0  0  0  0
    2   8.90866542079561974E+00  1  1  0  0  0  0
    2  -8.41809773932434613E-01  1  0  0  0  1  0
    2  -4.99348450585571868E+01  0  2  0  0  0  0
    2  -3.70219775168354559E+00  0  1  0  0  1  0
    2   3.58971126348444214E+00  0  0  2  0  0  0
    2   4.98192593211937229E+00  0  0  1  1  0  0
    2   8.32034100113358477E+01  0  0  0  2  0  0
    2  -7.42801953476868032E-02  0  0  0  0  2  0
    3   7.36386216331156334E+01  3  0  0  0  0  0
    3  -2.75086210221389410E+03  2  1  0  0  0  0
    3  -3.95840317663490993E+00  2  0  0  0  1  0
    3   1.87403455560503789E+03  1  2  0  0  0  0
    3  -1.03991643563634398E+02  1  1  0  0  1  0
    3   3.58468343474004087E+02  1  0  2  0  0  0
    3  -3.76133654130719515E+03  1  0  1  1  0  0
    3   1.20010291244353029E+04  1  0  0  2  0  0
    3  -5.76596822860252090E+00  1  0  0  0  2  0
    3  -1.36515239007645228E+05  0  3  0  0  0  0
    3  -2.34308724377630870E+03  0  2  0  0  1  0
    3  -2.74939186238556294E+03  0  1  2  0  0  0
    3  -3.33415252589817828E+03  0  1  1  1  0  0
    3  -2.36520357305040146E+05  0  1  0  2  0  0
    3   4.29158554338419762E+01  0  1  0  0  2  0
    3  -4.68166008348351852E+01  0  0  2  0  1  0
    3   8.66575466261177354E+01  0  0  1  1  1  0
    3   2.01132441333491244E+02  0  0  0  2  1  0
    3   2.48771013630133708E-01  0  0  0  0  3  0
    4  -6.87891394236900669E+03  4  0  0  0  0  0
    4  -2.44386655817979045E+04  3  1  0  0  0  0
    4  -2.37538931683293413E+03  3  0  0  0  1  0
    4   6.45916242076084018E+05  2  2  0  0  0  0
    4   1.05244042461722202E+05  2  1  0  0  1  0
    4  -4.21660130011998554E+04  2  0  2  0  0  0
    4   8.63055083918949822E+03  2  0  1  1  0  0
    4   3.52618769034119323E+04  2  0  0  2  0  0
    4   1.57880638746263003E+02  2  0  0  0  2  0
    4  -1.28632525695229713E+07  1  3  0  0  0  0
    4  -2.64347224699517014E+05  1  2  0  0  1  0
    4  -9.04591286753295281E+04  1  1  2  0  0  0
    4  -2.72241757544035092E+05  1  1  1  1  0  0
    4  -1.50090886970223114E+06  1  1  0  2  0  0
    4  -3.46304863917861348E+03  1  1  0  0  2  0
    4   3.49784317974218357E+03  1  0  2  0  1  0
    4   5.15084161447254446E+04  1  0  1  1  1  0
    4   3.34805440367476665E+05  1  0  0  2  1  0
    4  -2.24025168470149083E+02  1  0  0  0  3  0
    4   3.18133405556589440E+07  0  4  0  0  0  0
    4   1.00372533886625227E+07  0  3  0  0  1  0
    4   9.28113432312840596E+04  0  2  2  0  0  0
    4  -2.03358832363824435E+07  0  2  1  1  0  0
    4   5.15893214023891762E+07  0  2  0  2  0  0
    4  -5.78494878157001949E+03  0  2  0  0  2  0
    4  -2.68329554699792425E+04  0  1  2  0  1  0
    4  -1.47720988682297058E+05  0  1  1  1  1  0
    4  -1.03484996018497855E+06  0  1  0  2  1  0
    4   7.84402223590512040E+03  0  1  0  0  3  0
    4   1.88870955421735562E+03  0  0  4  0  0  0
    4   4.44627210672261717E+04  0  0  3  1  0  0
    4  -4.27781916439726716E+05  0  0  2  2  0  0
    4   9.98126282060609924E+02  0  0  2  0  2  0
    4   1.17505414970654761E+05  0  0  1  3  0  0
    4  -4.61611852431355146E+03  0  0  1  1  2  0
    4  -1.36735904172009490E+07  0  0  0  4  0  0
    4   1.42962880436153100E+04  0  0  0  2  2  0
    4  -1.58370539087872708E+00  0  0  0  0  4  0
    5   9.11544345914946403E+05  5  0  0  0  0  0
    5  -6.81928707791653741E+06  4  1  0  0  0  0
    5   2.27441459607942030E+05  4  0  0  0  1  0
    5   7.26647451021773815E+07  3  2  0  0  0  0
    5   1.47435190719437506E+06  3  1  0  0  1  0
    5   5.17929026565134525E+06  3  0  2  0  0  0
    5   4.22164926992021501E+04  3  0  1  1  0  0
    5   4.69548523660186529E+07  3  0  0  2  0  0
    5  -9.78891994982170872E+04  3  0  0  0  2  0
    5  -1.29206700183321834E+09  2  3  0  0  0  0
    5  -5.14518688426849246E+06  2  2  0  0  1  0
    5   2.07284903821949288E+07  2  1  2  0  0  0
    5   1.50313444786541969E+08  2  1  1  1  0  0
    5   1.40019228653268099E+08  2  1  0  2  0  0
    5  -1.69227829357033665E+06  2  1  0  0  2  0
    5   3.97037904554796871E+05  2  0  2  0  1  0
    5   1.41669211511398107E+06  2  0  1  1  1  0
    5   1.05097369280160815E+07  2  0  0  2  1  0
    5   1.00267928197478795E+04  2  0  0  0  3  0
    5   3.94114106170947647E+09  1  4  0  0  0  0
    5   6.40047744755971789E+08  1  3  0  0  1  0
    5   1.30079203575970992E+08  1  2  2  0  0  0
    5   4.84571739706152916E+08  1  2  1  1  0  0
    5   2.19677674011669397E+09  1  2  0  2  0  0
    5  -7.18671626900606602E+06  1  2  0  0  2  0
    5  -3.52381353074629977E+06  1  1  2  0  1  0
    5   8.45798815686393529E+06  1  1  1  1  1  0
    5  -3.76687711636478901E+08  1  1  0  2  1  0
    5   4.18369364427128981E+05  1  1  0  0  3  0
    5  -3.23915067603817210E+05  1  0  4  0  0  0
    5   1.45501346662922800E+07  1  0  3  1  0  0
    5   1.03349103117673159E+08  1  0  2  2  0  0
    5   1.47512021262627095E+04  1  0  2  0  2  0
    5   3.20833015100191951E+08  1  0  1  3  0  0
    5   8.43779271982083796E+05  1  0  1  1  2  0
    5   2.06383500789669323E+09  1  0  0  4  0  0
    5   4.05725361247751489E+06  1  0  0  2  2  0
    5  -3.53836040451043300E+03  1  0  0  0  4  0
    5  -2.05857912390503082E+10  0  5  0  0  0  0
    5  -1.30036530329193640E+09  0  4  0  0  1  0
    5  -3.60526024305667102E+08  0  3  2  0  0  0
    5   1.15447574107564926E+10  0  3  1  1  0  0
    5   4.05347060892661285E+10  0  3  0  2  0  0
    5  -2.57006360432777792E+08  0  3  0  0  2  0
    5   1.55511111530173924E+07  0  2  2  0  1  0
    5   6.55080521040749907E+08  0  2  1  1  1  0
    5   1.22708578387178421E+09  0  2  0  2  1  0
    5  -1.55642468501108978E+06  0  2  0  0  3  0
    5   3.74119783650960773E+06  0  1  4  0  0  0
    5  -2.86079690323580801E+08  0  1  3  1  0  0
    5   3.86801438622065187E+08  0  1  2  2  0  0
    5  -2.67779524902861286E+06  0  1  2  0  2  0
    5  -7.01711495451795387E+09  0  1  1  3  0  0
    5   5.92856139522426762E+06  0  1  1  1  2  0
    5   1.56595343503357353E+10  0  1  0  4  0  0
    5  -5.39221281306468323E+07  0  1  0  2  2  0
    5  -9.72185479142436525E+04  0  1  0  0  4  0
    5  -8.32598780232367571E+04  0  0  4  0  1  0
    5  -4.36537689964552131E+06  0  0  3  1  1  0
    5  -6.01458725885933079E+06  0  0  2  2  1  0
    5   7.96892496055670563E+03  0  0  2  0  3  0
    5  -1.15301779791733921E+08  0  0  1  3  1  0
    5   1.23948488647325954E+05  0  0  1  1  3  0
    5  -3.49192410630259275E+08  0  0  0  4  1  0
    5   2.04134629255407955E+05  0  0  0  2  3  0
    5  -2.22338995922118556E+02  0  0  0  0  5  0
    6  -3.75841356789734960E+07  6  0  0  0  0  0
    6  -3.38601756663619220E+08  5  1  0  0  0  0
    6  -3.37753221037494689E+07  5  0  0  0  1  0
    6   2.48302968954755116E+09  4  2  0  0  0  0
    6  -6.68994241775528193E+07  4  1  0  0  1  0
    6  -2.06017097297985554E+08  4  0  2  0  0  0
    6  -7.11897287025184155E+08  4  0  1  1  0  0
    6  -1.94784554711544514E+09  4  0  0  2  0  0
    6   2.99878237606480392E+06  4  0  0  0  2  0
    6  -7.87275808322230377E+10  3  3  0  0  0  0
    6  -4.02125295492411804E+09  3  2  0  0  1  0
    6  -1.04119846692136025E+09  3  1  2  0  0  0
    6  -4.68311733912067413E+07  3  1  1  1  0  0
    6  -1.75890954247305450E+10  3  1  0  2  0  0
    6  -1.74844067932028472E+07  3  1  0  0  2  0
    6  -1.58514870858343780E+08  3  0  2  0  1  0
    6  -3.21056281242112637E+08  3  0  1  1  1  0
    6  -2.27101546852358055E+09  3  0  0  2  1  0
    6  -3.69856018176952749E+06  3  0  0  0  3  0
    6   3.43991248012972900E+11  2  4  0  0  0  0
    6   2.91793518452609482E+10  2  3  0  0  1  0
    6   8.57393958326330566E+09  2  2  2  0  0  0
    6  -1.01350235791469940E+11  2  2  1  1  0  0
    6  -5.14533799251766968E+10  2  2  0  2  0  0
    6  -5.25951344853643119E+08  2  2  0  0  2  0
    6   1.40034829550974965E+07  2  1  2  0  1  0
    6   2.30397442657468510E+09  2  1  1  1  1  0
    6  -2.17653575181756134E+10  2  1  0  2  1  0
    6   6.71133751714183390E+07  2  1  0  0  3  0
    6  -2.02734680500445485E+08  2  0  4  0  0  0
    6   7.67063683653041601E+08  2  0  3  1  0  0
    6  -7.48690569405374050E+09  2  0  2  2  0  0
    6   4.60157856953511387E+06  2  0  2  0  2  0
    6   4.49203420909311218E+10  2  0  1  3  0  0
    6   2.12278758424744122E+07  2  0  1  1  2  0
    6  -6.37988723768662415E+10  2  0  0  4  0  0
    6   2.37770066590683579E+08  2  0  0  2  2  0
    6  -1.15478384162703180E+05  2  0  0  0  4  0
    6  -3.24179736997168945E+12  1  5  0  0  0  0
    6  -1.84192396822625977E+11  1  4  0  0  1  0
    6   6.42587935417413940E+10  1  3  2  0  0  0
    6   3.94651514578270203E+11  1  3  1  1  0  0
    6   3.37512981666606201E+11  1  3  0  2  0  0
    6  -1.06154476185815601E+10  1  3  0  0  2  0
    6  -1.72702324257435532E+10  1  2  2  0  1  0
    6  -1.09207212340001450E+10  1  2  1  1  1  0
    6   3.46313026175139923E+10  1  2  0  2  1  0
    6  -6.24897231407544613E+07  1  2  0  0  3  0
    6  -1.59722927854502964E+09  1  1  4  0  0  0
    6   4.05626085623420715E+08  1  1  3  1  0  0
    6  -9.29120540453363647E+10  1  1  2  2  0  0
    6   2.11478134443557441E+08  1  1  2  0  2  0
    6  -6.38291463737541504E+10  1  1  1  3  0  0
    6   9.23069261507053375E+07  1  1  1  1  2  0
    6   6.99425004988929443E+11  1  1  0  4  0  0
    6  -9.45916572535286427E+08  1  1  0  2  2  0
    6  -3.69421493183276802E+06  1  1  0  0  4  0
    6   8.98232593773885816E+07  1  0  4  0  1  0
    6   1.45659731449428082E+08  1  0  3  1  1  0
    6  -1.06557477246753693E+08  1  0  2  2  1  0
    6  -7.11596507911681384E+06  1  0  2  0  3  0
    6   9.39508314468980408E+09  1  0  1  3  1  0
    6   1.22985374148929156E+07  1  0  1  1  3  0
    6  -1.39301525090076065E+10  1  0  0  4  1  0
    6  -2.98297129642820060E+07  1  0  0  2  3  0
    6   5.91049636009715396E+04  1  0  0  0  5  0
    6  -1.60535104113953125E+11  0  6  0  0  0  0
    6   1.88283694293006348E+11  0  5  0  0  1  0
    6   4.16437216627731079E+11  0  4  2  0  0  0
    6   3.27657126168378516E+12  0  4  1  1  0  0
    6  -2.11126800477660234E+13  0  4  0  2  0  0
    6   2.99270041117201691E+10  0  4  0  0  2  0
    6   4.96915703946071167E+10  0  3  2  0  1  0
    6  -4.93855100135818604E+11  0  3  1  1  1  0
    6  -1.13711800731148145E+12  0  3  0  2  1  0
    6   5.69197558450853252E+09  0  3  0  0  3  0
    6  -1.64250797434338837E+10  0  2  4  0  0  0
    6   4.92988837958070831E+10  0  2  3  1  0  0
    6  -8.22606663303918152E+10  0  2  2  2  0  0
    6   4.00254048811591417E+07  0  2  2  0  2  0
    6   1.35105136147310083E+12  0  2  1  3  0  0
    6  -2.42537321641498613E+09  0  2  1  1  2  0
    6   4.76229071962814844E+12  0  2  0  4  0  0
    6  -9.76836932155163193E+09  0  2  0  2  2  0
    6   2.29666623683241606E+07  0  2  0  0  4  0
    6  -4.90909212133603096E+07  0  1  4  0  1  0
    6   1.19056811970526333E+10  0  1  3  1  1  0
    6   2.31617371061316948E+10  0  1  2  2  1  0
    6   3.21546696506920420E+07  0  1  2  0  3  0
    6   1.70794042671468567E+11  0  1  1  3  1  0
    6  -2.93036054663591981E+08  0  1  1  1  3  0
    6   8.92451479284413818E+11  0  1  0  4  1  0
    6  -8.27853649849877834E+08  0  1  0  2  3  0
    6   7.98366351508422522E+05  0  1  0  0  5  0
    6  -1.62845557370798290E+06  0  0  6  0  0  0
    6  -1.20358917335753298E+09  0  0  5  1  0  0
    6  -3.81293869537356377E+09  0  0  4  2  0  0
    6  -7.87607548594409227E+06  0  0  4  0  2  0
    6  -5.62698220328816071E+10  0  0  3  3  0  0
    6   5.86350774971064776E+07  0  0  3  1  2  0
    6  -1.69795982202095215E+11  0  0  2  4  0  0
    6  -7.90613617926199436E+07  0  0  2  2  2  0
    6  -9.12579503867262974E+03  0  0  2  0  4  0
    6  -6.36578108797262695E+11  0  0  1  5  0  0
    6   4.79212244737381935E+07  0  0  1  3  2  0
    6  -2.38525308322910772E+05  0  0  1  1  4  0
    6  -1.39422138710949365E+12  0  0  0  6  0  0
    6  -1.98472288021374130E+09  0  0  0  4  2  0
    6  -2.06458752020146977E+06  0  0  0  2  4  0
    6   8.18767140507941804E+02  0  0  0  0  6  0
 -245   0.00000000000000000E+00  0  0  0  0  0  0

MAP      3, NO =     6, NV =     6, INA =     3
**************************************************

    I  COEFFICIENT               ORDER   EXPONENTS
      NO =     6      NV =     6
    1   1.47509504534427238E-01  0  0  1  0  0  0
    1   4.99345103420321301E+00  0  0  0  1  0  0
    2   3.33347755999114526E+01  1  0  1  0  0  0
    2   3.30417405854439683E-01  1  0  0  1  0  0
    2   3.56645723605633862E+02  0  1  1  0  0  0
    2   3.39271287888074724E+00  0  1  0  1  0  0
    2   2.86614441405737974E+00  0  0  1  0  1  0
    2   5.16927048211856572E+01  0  0  0  1  1  0
    3  -6.42559568745272009E+03  2  0  1  0  0  0
    3   3.41575027291699462E+03  2  0  0  1  0  0
    3   3.86255922955638835E+03  1  1  1  0  0  0
    3  -2.09801335434849228E+05  1  1  0  1  0  0
    3  -2.39853528791710517E+02  1  0  1  0  1  0
    3   1.12875739557522138E+02  1  0  0  1  1  0
    3  -8.53516055956862838E+04  0  2  1  0  0  0
    3  -2.55573120174595679E+05  0  2  0  1  0  0
    3  -2.95053758638890804E+03  0  1  1  0  1  0
    3   1.47733815017809729E+03  0  1  0  1  1  0
    3   6.89441009882832986E+03  0  0  3  0  0  0
    3  -3.13541081405775822E+03  0  0  2  1  0  0
    3   1.81422325072500273E+05  0  0  1  2  0  0
    3  -3.77178776401384113E+01  0  0  1  0  2  0
    3  -1.17705455720526516E+05  0  0  0  3  0  0
    3   3.94386895622032966E+02  0  0  0  1  2  0
    4   1.33096089656101947E+05  3  0  1  0  0  0
    4   3.57997110344242887E+05  3  0  0  1  0  0
    4   1.26660064534601755E+06  2  1  1  0  0  0
    4   2.97943293946122564E+06  2  1  0  1  0  0
    4  -2.08975712476984372E+04  2  0  1  0  1  0
    4   1.26952778689588304E+05  2  0  0  1  1  0
    4  -1.51807246498536281E+07  1  2  1  0  0  0
    4   2.59539729614254385E+07  1  2  0  1  0  0
    4   9.88574785870858759E+04  1  1  1  0  1  0
    4   1.56298483730967087E+06  1  1  0  1  1  0
    4   6.46416265719692019E+04  1  0  3  0  0  0
    4  -7.35866499154933146E+05  1  0  2  1  0  0
    4   5.42689794336879160E+06  1  0  1  2  0  0
    4  -4.68192133226496117E+03  1  0  1  0  2  0
    4  -4.50637145322816521E+07  1  0  0  3  0  0
    4   4.97958498319085993E+03  1  0  0  1  2  0
    4   3.42416428835700154E+07  0  3  1  0  0  0
    4   1.25248796840584069E+08  0  3  0  1  0  0
    4  -1.10105060691503435E+06  0  2  1  0  1  0
    4   4.88802670340083912E+06  0  2  0  1  1  0
    4   1.15158250383546017E+06  0  1  3  0  0  0
    4  -1.17612260303832293E+07  0  1  2  1  0  0
    4   7.03571998496417850E+07  0  1  1  2  0  0
    4   4.36618274558270350E+04  0  1  1  0  2  0
    4  -2.86126312859964848E+08  0  1  0  3  0  0
    4  -1.22642194537912961E+05  0  1  0  1  2  0
    4  -1.71127654240033444E+05  0  0  3  0  1  0
    4   2.92054186879232147E+04  0  0  2  1  1  0
    4  -3.63162123952691967E+05  0  0  1  2  1  0
    4   5.68693201864658477E+03  0  0  1  0  3  0
    4  -2.91637508716602623E+06  0  0  0  3  1  0
    4  -3.27361211175139215E+03  0  0  0  1  3  0
    5   6.20906383473023772E+06  4  0  1  0  0  0
    5  -1.63746558394314069E+07  4  0  0  1  0  0
    5  -6.12467330953849405E+07  3  1  1  0  0  0
    5   4.23865577191691697E+08  3  1  0  1  0  0
    5   4.46953087620423455E+06  3  0  1  0  1  0
    5   1.36684469548787512E+07  3  0  0  1  1  0
    5  -3.54008846284115434E+08  2  2  1  0  0  0
    5  -3.45240379964429855E+09  2  2  0  1  0  0
    5  -4.93161363284086883E+07  2  1  1  0  1  0
    5   7.20530812415996045E+07  2  1  0  1  1  0
    5   1.07915191846528593E+07  2  0  3  0  0  0
    5  -9.66926325412756801E+07  2  0  2  1  0  0
    5   5.15575692676010489E+08  2  0  1  2  0  0
    5  -1.19805259358416870E+06  2  0  1  0  2  0
    5   3.28613653745461655E+09  2  0  0  3  0  0
    5   6.07422246599171543E+05  2  0  0  1  2  0
    5   9.57196015089761496E+08  1  3  1  0  0  0
    5   3.46285747834430084E+10  1  3  0  1  0  0
    5   5.25812313183885217E+07  1  2  1  0  1  0
    5  -7.61190460801545382E+07  1  2  0  1  1  0
    5   3.63339084628442079E+07  1  1  3  0  0  0
    5  -1.11296172161820316E+09  1  1  2  1  0  0
    5  -1.95047375786346817E+10  1  1  1  2  0  0
    5   4.40048723639081232E+06  1  1  1  0  2  0
    5  -1.08995584218885880E+10  1  1  0  3  0  0
    5   3.11481768370158672E+07  1  1  0  1  2  0
    5  -5.33334868453370035E+06  1  0  3  0  1  0
    5  -2.72867961653902940E+06  1  0  2  1  1  0
    5  -4.68782758000600338E+07  1  0  1  2  1  0
    5   7.42569518602648168E+04  1  0  1  0  3  0
    5  -4.32272750182304621E+08  1  0  0  3  1  0
    5  -6.81154808792429860E+05  1  0  0  1  3  0
    5  -8.28611917534376144E+09  0  4  1  0  0  0
    5  -2.16533523539110596E+11  0  4  0  1  0  0
    5  -2.88027337771930075E+09  0  3  1  0  1  0
    5   6.16543168233778715E+08  0  3  0  1  1  0
    5   9.37788187400068641E+07  0  2  3  0  0  0
    5   1.95627272129116287E+10  0  2  2  1  0  0
    5  -1.90099724989713669E+10  0  2  1  2  0  0
    5  -1.17373313476293832E+08  0  2  1  0  2  0
    5  -7.89713333303239441E+10  0  2  0  3  0  0
    5   1.03473225364267141E+08  0  2  0  1  2  0
    5  -1.00624422285562716E+07  0  1  3  0  1  0
    5   1.98951546253801942E+08  0  1  2  1  1  0
    5  -5.84336515441838026E+08  0  1  1  2  1  0
    5  -2.06273716375327762E+06  0  1  1  0  3  0
    5  -2.35233290626544285E+09  0  1  0  3  1  0
    5  -6.09898149700851366E+06  0  1  0  1  3  0
    5  -4.22426060209806077E+05  0  0  5  0  0  0
    5  -1.23323192078581244E+08  0  0  4  1  0  0
    5   3.99468464501361489E+08  0  0  3  2  0  0
    5   2.96086603157222550E+06  0  0  3  0  2  0
    5  -6.21690434430572510E+09  0  0  2  3  0  0
    5   1.88567022460999852E+06  0  0  2  1  2  0
    5   4.81078025382826042E+09  0  0  1  4  0  0
    5   3.14615013906140551E+07  0  0  1  2  2  0
    5  -5.45869708601550738E+04  0  0  1  0  4  0
    5  -8.03557417371818542E+10  0  0  0  5  0  0
    5  -9.08432576637941226E+06  0  0  0  3  2  0
    5  -6.62688702021594509E+04  0  0  0  1  4  0
    6  -7.12967159961451769E+08  5  0  1  0  0  0
    6   8.84760448584589005E+08  5  0  0  1  0  0
    6  -8.23381394284825623E+07  4  1  1  0  0  0
    6   3.58135800584404278E+09  4  1  0  1  0  0
    6  -1.79034632955718607E+08  4  0  1  0  1  0
    6  -3.18741469019664574E+09  4  0  0  1  1  0
    6   3.97268030064521637E+10  3  2  1  0  0  0
    6  -8.48882863897597351E+10  3  2  0  1  0  0
    6   5.99640974687614346E+09  3  1  1  0  1  0
    6  -4.71613121987055779E+09  3  1  0  1  1  0
    6  -1.88097461596969914E+09  3  0  3  0  0  0
    6   4.34747784869524193E+09  3  0  2  1  0  0
    6   4.55152974302144623E+10  3  0  1  2  0  0
    6   2.94984756898845360E+07  3  0  1  0  2  0
    6  -1.96942626529621735E+10  3  0  0  3  0  0
    6   5.44715841239977121E+08  3  0  0  1  2  0
    6  -1.79633856134026428E+11  2  3  1  0  0  0
    6   4.22176187137602979E+12  2  3  0  1  0  0
    6   1.79447542137694855E+10  2  2  1  0  1  0
    6   5.27163575988777733E+09  2  2  0  1  1  0
    6  -1.01457487129381790E+10  2  1  3  0  0  0
    6  -1.38390334462372192E+11  2  1  2  1  0  0
    6   7.77250156173873779E+11  2  1  1  2  0  0
    6   4.64614819881330609E+08  2  1  1  0  2  0
    6  -1.94301813409913422E+11  2  1  0  3  0  0
    6   6.93397792180315590E+09  2  1  0  1  2  0
    6   7.40826281892492652E+08  2  0  3  0  1  0
    6   2.51101294197015953E+09  2  0  2  1  1  0
    6   1.90948812816230469E+10  2  0  1  2  1  0
    6   6.56234304835913330E+06  2  0  1  0  3  0
    6   2.95330999231784515E+10  2  0  0  3  1  0
    6   4.42817147908613533E+07  2  0  0  1  3  0
    6   1.44656293100419141E+12  1  4  1  0  0  0
    6  -2.49052828069870508E+13  1  4  0  1  0  0
    6   2.16888110077383240E+11  1  3  1  0  1  0
    6  -2.92167601527054932E+11  1  3  0  1  1  0
    6  -5.35288782707238770E+10  1  2  3  0  0  0
    6  -2.53793855857037354E+12  1  2  2  1  0  0
    6   4.31102105264073633E+12  1  2  1  2  0  0
    6  -6.97232858432682514E+09  1  2  1  0  2  0
    6   2.48101277099068789E+13  1  2  0  3  0  0
    6   3.69449645334171448E+10  1  2  0  1  2  0
    6  -2.88410651320577383E+09  1  1  3  0  1  0
    6   5.34168991066814423E+10  1  1  2  1  1  0
    6   3.11838879881019531E+11  1  1  1  2  1  0
    6   1.61108870078153491E+08  1  1  1  0  3  0
    6   2.90302016355143372E+11  1  1  0  3  1  0
    6  -2.39779790413741469E+08  1  1  0  1  3  0
    6  -1.65437948270990825E+09  1  0  5  0  0  0
    6   8.58354317999242306E+09  1  0  4  1  0  0
    6  -1.71760402735007355E+11  1  0  3  2  0  0
    6   2.30738321534906924E+08  1  0  3  0  2  0
    6  -2.32201294283753571E+11  1  0  2  3  0  0
    6  -4.60834300753213525E+08  1  0  2  1  2  0
    6  -3.04994937327121143E+12  1  0  1  4  0  0
    6   3.17987392218312311E+09  1  0  1  2  2  0
    6  -3.05854123190190364E+06  1  0  1  0  4  0
    6  -7.12497373340896680E+12  1  0  0  5  0  0
    6  -9.31132140079438782E+09  1  0  0  3  2  0
    6   7.49450489968959428E+06  1  0  0  1  4  0
    6  -5.81541425598779199E+12  0  5  1  0  0  0
    6   9.26240271099147656E+13  0  5  0  1  0  0
    6   1.11434651613481226E+12  0  4  1  0  1  0
    6   1.08697465868827910E+13  0  4  0  1  1  0
    6   1.38619600936400342E+12  0  3  3  0  0  0
    6  -8.20451655024392969E+12  0  3  2  1  0  0
    6  -6.98484069003927578E+13  0  3  1  2  0  0
    6   8.77642647943221741E+10  0  3  1  0  2  0
    6   5.85502379564915781E+13  0  3  0  3  0  0
    6   2.82470819696486572E+11  0  3  0  1  2  0
    6   1.80017244560110986E+08  0  2  3  0  1  0
    6  -7.22718905664768677E+11  0  2  2  1  1  0
    6   5.49489805063933838E+11  0  2  1  2  1  0
    6   2.00613853853738356E+09  0  2  1  0  3  0
    6   1.50874549338765527E+12  0  2  0  3  1  0
    6   1.45345959453553028E+10  0  2  0  1  3  0
    6  -1.44439021218684769E+10  0  1  5  0  0  0
    6   4.85018504636737518E+10  0  1  4  1  0  0
    6   8.81820262715192261E+10  0  1  3  2  0  0
    6   4.60112403050977707E+08  0  1  3  0  2  0
    6  -3.28507490945435059E+12  0  1  2  3  0  0
    6  -6.89564987852126503E+09  0  1  2  1  2  0
    6   3.28828697986148633E+12  0  1  1  4  0  0
    6   4.13835611293221569E+09  0  1  1  2  2  0
    6   5.06923948519304693E+07  0  1  1  0  4  0
    6  -8.79324573190059375E+13  0  1  0  5  0  0
    6  -8.33447194766830750E+10  0  1  0  3  2  0
    6   1.13341473162795812E+08  0  1  0  1  4  0
    6   2.57225774228689447E+07  0  0  5  0  1  0
    6   6.17413978208289814E+09  0  0  4  1  1  0
    6  -7.09649389107270432E+09  0  0  3  2  1  0
    6  -3.80333907053707466E+07  0  0  3  0  3  0
    6   1.43473613325118073E+11  0  0  2  3  1  0
    6  -2.68378782718221486E+08  0  0  2  1  3  0
    6  -2.85746787958929825E+10  0  0  1  4  1  0
    6  -7.41008462152814269E+07  0  0  1  2  3  0
    6   2.94394535190710041E+05  0  0  1  0  5  0
    6  -4.51867235247146851E+11  0  0  0  5  1  0
    6  -5.82791176531513596E+09  0  0  0  3  3  0
    6   1.03859991965305735E+06  0  0  0  1  5  0
 -216   0.00000000000000000E+00  0  0  0  0  0  0

MAP      4, NO =     6, NV =     6, INA =     4
**************************************************

    I  COEFFICIENT               ORDER   EXPONENTS
      NO =     6      NV =     6
    1  -1.95904778173158128E-01  0  0  1  0  0  0
    1   1.47509700439225400E-01  0  0  0  1  0  0
    2   2.03501756088698826E+00  1  0  1  0  0  0
    2   3.51152113813891731E+01  1  0  0  1  0  0
    2   2.08955684439667522E+01  0  1  1  0  0  0
    2   3.46199016138695868E+02  0  1  0  1  0  0
    2   2.19729884016354937E+00  0  0  1  0  1  0
    2   2.86403369127410112E+00  0  0  0  1  1  0
    3   1.09901754145590985E+02  2  0  1  0  0  0
    3  -2.32134440429990991E+03  2  0  0  1  0  0
    3  -2.65585679680399244E+03  1  1  1  0  0  0
    3   2.18228667136768272E+04  1  1  0  1  0  0
    3   1.20590610760738386E+01  1  0  1  0  1  0
    3  -1.13290618686185582E+02  1  0  0  1  1  0
    3   2.34845055393563052E+03  0  2  1  0  0  0
    3  -3.32279930553280457E+05  0  2  0  1  0  0
    3   4.85103690239388925E+01  0  1  1  0  1  0
    3  -3.64755495055099800E+03  0  1  0  1  1  0
    3   2.30949618516880037E+02  0  0  3  0  0  0
    3   7.13311944150050476E+03  0  0  2  1  0  0
    3   6.99275297705902631E+03  0  0  1  2  0  0
    3  -7.83110974418273109E+00  0  0  1  0  2  0
    3   1.74764661735210073E+05  0  0  0  3  0  0
    3  -3.67922145419220925E+01  0  0  0  1  2  0
    4  -4.35790596248440124E+04  3  0  1  0  0  0
    4   1.78216428618085702E+04  3  0  0  1  0  0
    4  -2.00370133652065328E+05  2  1  1  0  0  0
    4   4.21654150122725405E+05  2  1  0  1  0  0
    4  -7.62347531643305592E+03  2  0  1  0  1  0
    4  -6.22320912227802037E+04  2  0  0  1  1  0
    4   9.89304040680476464E+04  1  2  1  0  0  0
    4  -1.56605317952567302E+07  1  2  0  1  0  0
    4   1.28883733620914005E+05  1  1  1  0  1  0
    4   3.36530103020210518E+04  1  1  0  1  1  0
    4   2.78623252591927303E+04  1  0  3  0  0  0
    4   4.08821309368796356E+04  1  0  2  1  0  0
    4   2.13393548110974394E+06  1  0  1  2  0  0
    4  -8.85251191408480395E+02  1  0  1  0  2  0
    4   4.56544851973394677E+06  1  0  0  3  0  0
    4   3.58361387514114358E+03  1  0  0  1  2  0
    4  -2.02006117027801573E+07  0  3  1  0  0  0
    4   8.31397444008807093E+07  0  3  0  1  0  0
    4  -3.04841239237931906E+05  0  2  1  0  1  0
    4   5.37355153724215273E+06  0  2  0  1  1  0
    4   6.31454110960171092E+05  0  1  3  0  0  0
    4  -3.09562686392916599E+05  0  1  2  1  0  0
    4   1.20757598379721232E+07  0  1  1  2  0  0
    4  -1.40298439353247231E+04  0  1  1  0  2  0
    4   3.59507433867654055E+07  0  1  0  3  0  0
    4   4.46140864165399762E+04  0  1  0  1  2  0
    4  -3.05966919161408077E+03  0  0  3  0  1  0
    4  -1.68751503006857063E+05  0  0  2  1  1  0
    4   7.54875646183482313E+04  0  0  1  2  1  0
    4   7.41701982086714224E+01  0  0  1  0  3  0
    4  -6.29565161230001599E+05  0  0  0  3  1  0
    4   5.74915879577994383E+03  0  0  0  1  3  0
    5   3.27109897794039547E+06  4  0  1  0  0  0
    5  -3.17417892218665732E+06  4  0  0  1  0  0
    5   1.37435085130870640E+07  3  1  1  0  0  0
    5   9.52477803570703864E+07  3  1  0  1  0  0
    5   7.21444947586557013E+05  3  0  1  0  1  0
    5   1.35668634811450844E+06  3  0  0  1  1  0
    5   1.07717670389004424E+08  2  2  1  0  0  0
    5  -2.25569789511113167E+08  2  2  0  1  0  0
    5   2.30282752462108992E+06  2  1  1  0  1  0
    5  -2.84214522911803797E+06  2  1  0  1  1  0
    5  -1.55512531564067514E+06  2  0  3  0  0  0
    5  -1.28639874884494860E+07  2  0  2  1  0  0
    5  -2.62575708434426993E+08  2  0  1  2  0  0
    5  -5.11580449354093580E+04  2  0  1  0  2  0
    5   2.09859803270129502E+08  2  0  0  3  0  0
    5  -2.39328116973594716E+06  2  0  0  1  2  0
    5  -5.51815886685431004E+08  1  3  1  0  0  0
    5   8.87667893569730377E+09  1  3  0  1  0  0
    5   7.46955203745629638E+05  1  2  1  0  1  0
    5  -6.88908402159249783E+07  1  2  0  1  1  0
    5   6.41938596277679801E+07  1  1  3  0  0  0
    5   5.09385774792054534E+08  1  1  2  1  0  0
    5   6.58895021747714043E+08  1  1  1  2  0  0
    5  -2.97436048321047681E+05  1  1  1  0  2  0
    5  -1.04947138554157276E+10  1  1  0  3  0  0
    5  -6.61090270839057863E+06  1  1  0  1  2  0
    5  -1.55509328860391537E+06  1  0  3  0  1  0
    5   1.07690772978139948E+06  1  0  2  1  1  0
    5  -3.54711484785639942E+07  1  0  1  2  1  0
    5   6.42682273960448074E+04  1  0  1  0  3  0
    5   1.10690777688839152E+08  1  0  0  3  1  0
    5   3.06340988697092398E+04  1  0  0  1  3  0
    5   5.82867661817477417E+09  0  4  1  0  0  0
    5   3.27393973152468796E+10  0  4  0  1  0  0
    5   6.40549452656585217E+08  0  3  1  0  1  0
    5  -2.28841786753455019E+09  0  3  0  1  1  0
    5  -3.33581250331629694E+08  0  2  3  0  0  0
    5   7.99036410888847828E+08  0  2  2  1  0  0
    5   1.63767847032858906E+10  0  2  1  2  0  0
    5   1.21783589452632889E+07  0  2  1  0  2  0
    5   1.39759094353362141E+10  0  2  0  3  0  0
    5  -1.11750172908382043E+08  0  2  0  1  2  0
    5  -2.86276996214581877E+07  0  1  3  0  1  0
    5   1.36649484136001244E+07  0  1  2  1  1  0
    5  -3.79589744541236997E+08  0  1  1  2  1  0
    5   7.43382620978450868E+05  0  1  1  0  3  0
    5  -4.11218367114159644E+08  0  1  0  3  1  0
    5  -2.45713739305200242E+06  0  1  0  1  3  0
    5   5.46821236290617660E+06  0  0  5  0  0  0
    5   7.92805119233740121E+06  0  0  4  1  0  0
    5   2.40733899833506823E+08  0  0  3  2  0  0
    5  -7.38374870634046383E+04  0  0  3  0  2  0
    5   3.90729714372372627E+08  0  0  2  3  0  0
    5   2.71464746589328954E+06  0  0  2  1  2  0
    5   2.71312625957216215E+09  0  0  1  4  0  0
    5  -9.09433598685315810E+05  0  0  1  2  2  0
    5   2.38619078954799261E+03  0  0  1  0  4  0
    5  -6.53593126616231918E+08  0  0  0  5  0  0
    5   3.04444999551262408E+07  0  0  0  3  2  0
    5  -5.18676164404511510E+04  0  0  0  1  4  0
    6  -2.98983395602906942E+07  5  0  1  0  0  0
    6  -3.25085444526830137E+08  5  0  0  1  0  0
    6  -1.56309359121032429E+09  4  1  1  0  0  0
    6   3.46340364172931719E+09  4  1  0  1  0  0
    6  -2.27135356759221032E+07  4  0  1  0  1  0
    6   3.11859941104147673E+08  4  0  0  1  1  0
    6   7.66500963132033253E+09  3  2  1  0  0  0
    6  -8.10460529336298828E+10  3  2  0  1  0  0
    6  -1.23016389635159636E+09  3  1  1  0  1  0
    6  -3.81700017553536034E+09  3  1  0  1  1  0
    6  -8.53368329825291634E+07  3  0  3  0  0  0
    6  -2.68599151433935499E+09  3  0  2  1  0  0
    6   2.11948347173505402E+09  3  0  1  2  0  0
    6  -8.96257811460948177E+06  3  0  1  0  2  0
    6   4.60054923292238617E+10  3  0  0  3  0  0
    6  -2.35559902645065486E+07  3  0  0  1  2  0
    6  -6.96929498320776062E+10  2  3  1  0  0  0
    6   6.71527207918628174E+11  2  3  0  1  0  0
    6  -1.01033614661640358E+09  2  2  1  0  1  0
    6  -4.37169320562215424E+09  2  2  0  1  1  0
    6  -6.05208166170278072E+08  2  1  3  0  0  0
    6  -2.80320112001831779E+10  2  1  2  1  0  0
    6  -2.33410926438867889E+11  2  1  1  2  0  0
    6  -1.28587537864223868E+08  2  1  1  0  2  0
    6   5.15353793396978683E+10  2  1  0  3  0  0
    6   6.98414724534295440E+08  2  1  0  1  2  0
    6  -3.72105031589526236E+07  2  0  3  0  1  0
    6   4.38841644819221318E+08  2  0  2  1  1  0
    6   2.09570227585922027E+09  2  0  1  2  1  0
    6  -7.23982558120155241E+06  2  0  1  0  3  0
    6   6.15635742313633347E+09  2  0  0  3  1  0
    6   9.50157562111810595E+06  2  0  0  1  3  0
    6   5.27683879269513916E+11  1  4  1  0  0  0
    6  -1.50575150530967871E+12  1  4  0  1  0  0
    6  -5.46078558429717026E+10  1  3  1  0  1  0
    6  -4.12255922984211243E+11  1  3  0  1  1  0
    6   9.67777637762174034E+09  1  2  3  0  0  0
    6  -1.76304143430544556E+11  1  2  2  1  0  0
    6  -3.05634164587877051E+12  1  2  1  2  0  0
    6  -1.16279984122553182E+09  1  2  1  0  2  0
    6  -3.28901453160277344E+11  1  2  0  3  0  0
    6  -5.54813095036304379E+09  1  2  0  1  2  0
    6  -1.26685458028464937E+09  1  1  3  0  1  0
    6  -2.02774733738564224E+10  1  1  2  1  1  0
    6   3.02379779538037758E+10  1  1  1  2  1  0
    6  -2.18966735254276544E+07  1  1  1  0  3  0
    6   1.15596699609265518E+11  1  1  0  3  1  0
    6  -2.70217675561185956E+08  1  1  0  1  3  0
    6  -3.08384424423576593E+07  1  0  5  0  0  0
    6   2.42024655474914026E+09  1  0  4  1  0  0
    6   1.51259779327216949E+10  1  0  3  2  0  0
    6   5.24175726779939979E+07  1  0  3  0  2  0
    6   1.29319791150779724E+09  1  0  2  3  0  0
    6   6.06056983515717983E+07  1  0  2  1  2  0
    6   1.75529723308820923E+11  1  0  1  4  0  0
    6   1.22555106280268013E+08  1  0  1  2  2  0
    6  -1.17363056054268661E+06  1  0  1  0  4  0
    6  -1.55248078870821387E+12  1  0  0  5  0  0
    6   1.60803209180301070E+09  1  0  0  3  2  0
    6  -1.85630799808392441E+06  1  0  0  1  4  0
    6   1.18479370304496240E+12  0  5  1  0  0  0
    6  -5.10604753150222266E+12  0  5  0  1  0  0
    6  -2.13842579461479492E+10  0  4  1  0  1  0
    6  -1.95388905301135693E+12  0  4  0  1  1  0
    6   1.12682488515105408E+11  0  3  3  0  0  0
    6   3.08556075149130957E+12  0  3  2  1  0  0
    6  -4.71582286375761914E+12  0  3  1  2  0  0
    6  -1.65770092589571800E+10  0  3  1  0  2  0
    6  -3.41292093973455469E+13  0  3  0  3  0  0
    6   6.50452290528504410E+10  0  3  0  1  2  0
    6   1.60326113809438210E+10  0  2  3  0  1  0
    6   1.41413338260599670E+10  0  2  2  1  1  0
    6  -5.51347457379032837E+11  0  2  1  2  1  0
    6  -4.82784174383518636E+08  0  2  1  0  3  0
    6   1.33368882535468945E+12  0  2  0  3  1  0
    6   3.14450025730499268E+08  0  2  0  1  3  0
    6  -1.07060877695879936E+08  0  1  5  0  0  0
    6  -2.86860986011237030E+10  0  1  4  1  0  0
    6   1.95547119715260162E+11  0  1  3  2  0  0
    6   7.80663649520901680E+08  0  1  3  0  2  0
    6  -5.16315123741119812E+11  0  1  2  3  0  0
    6   1.65933090703023481E+09  0  1  2  1  2  0
    6   3.95765583935824414E+12  0  1  1  4  0  0
    6   8.61121394035560226E+09  0  1  1  2  2  0
    6  -1.52103159007255547E+07  0  1  1  0  4  0
    6  -4.06550953145177148E+12  0  1  0  5  0  0
    6   2.16552465894554825E+10  0  1  0  3  2  0
    6   3.21069241425185576E+07  0  1  0  1  4  0
    6  -3.09197426002949357E+08  0  0  5  0  1  0
    6  -3.43270891456774950E+08  0  0  4  1  1  0
    6  -8.15515849667991257E+09  0  0  3  2  1  0
    6   1.10843785005737953E+07  0  0  3  0  3  0
    6  -9.60172994751216888E+09  0  0  2  3  1  0
    6  -2.54922990512424819E+07  0  0  2  1  3  0
    6  -2.72906457451105385E+10  0  0  1  4  1  0
    6   1.94041447879878014E+08  0  0  1  2  3  0
    6  -9.56403341793130967E+04  0  0  1  0  5  0
    6  -7.17590597398307190E+10  0  0  0  5  1  0
    6  -1.33158454760820270E+08  0  0  0  3  3  0
    6   2.65988889529410983E+05  0  0  0  1  5  0
 -216   0.00000000000000000E+00  0  0  0  0  0  0

MAP      5, NO =     6, NV =     6, INA =     5
**************************************************

    I  COEFFICIENT               ORDER   EXPONENTS
      NO =     6      NV =     6
    1   1.00000000000000000E+00  0  0  0  0  1  0
   -1   0.00000000000000000E+00  0  0  0  0  0  0

MAP      6, NO =     6, NV =     6, INA =     6
**************************************************

    I  COEFFICIENT               ORDER   EXPONENTS
      NO =     6      NV =     6
    1   1.46777552031265380E-04  1  0  0  0  0  0
    1   1.50711249057795815E-03  0  1  0  0  0  0
    1   1.60099547266073616E-01  0  0  0  0  1  0
    1   1.00000000000000000E+00  0  0  0  0  0  1
    2  -1.14653898210553079E-01  2  0  0  0  0  0
    2  -7.29604186319105796E+00  1  1  0  0  0  0
    2  -1.49285693215411380E-01  1  0  0  0  1  0
    2  -2.28474970634423968E+01  0  2  0  0  0  0
    2  -1.53286609410378905E+00  0  1  0  0  1  0
    2   4.42600408518066479E-01  0  0  2  0  0  0
    2   1.05496310609987045E+01  0  0  1  1  0  0
    2   3.34338221740582942E+00  0  0  0  2  0  0
    2   1.01904661918369355E+00  0  0  0  0  2  0
    3  -8.31285318995168510E+00  3  0  0  0  0  0
    3  -1.15452152010055741E+02  2  1  0  0  0  0
    3   6.91259076443801490E+00  2  0  0  0  1  0
    3  -9.61485311894284337E+02  1  2  0  0  0  0
    3  -1.98887559555935631E+01  1  1  0  0  1  0
    3  -7.34943568974877959E+00  1  0  2  0  0  0
    3  -2.41087020893731641E+01  1  0  1  1  0  0
    3  -1.66814530767836391E+03  1  0  0  2  0  0
    3   1.08829459101872073E+00  1  0  0  0  2  0
    3  -9.89133518917924084E+03  0  3  0  0  0  0
    3   2.57477491836262061E+02  0  2  0  0  1  0
    3   1.89213519278112727E+02  0  1  2  0  0  0
    3  -1.96797916056813079E+02  0  1  1  1  0  0
    3  -1.55160798887100336E+04  0  1  0  2  0  0
    3   1.42462119352742800E+01  0  1  0  0  2  0
    3  -8.32408702614189799E+00  0  0  2  0  1  0
    3   3.80289291972639703E+01  0  0  1  1  1  0
    3  -2.46281546342818871E+02  0  0  0  2  1  0
    3  -3.11052568957137643E+00  0  0  0  0  3  0
    4   5.92426297701086241E+03  4  0  0  0  0  0
    4   1.55615579182853562E+04  3  1  0  0  0  0
    4  -4.25859436763129722E+01  3  0  0  0  1  0
    4   5.05769103972037090E+05  2  2  0  0  0  0
    4  -4.81007387707997077E+03  2  1  0  0  1  0
    4   2.99469856735164797E+02  2  0  2  0  0  0
    4  -3.12632768282458092E+04  2  0  1  1  0  0
    4   1.31099494397502021E+04  2  0  0  2  0  0
    4   1.56842146639533598E+03  2  0  0  0  2  0
    4   3.57467154026252567E+05  1  3  0  0  0  0
    4   6.92469303351248072E+03  1  2  0  0  1  0
    4   9.13611078745934210E+04  1  1  2  0  0  0
    4   1.87857358546660485E+05  1  1  1  1  0  0
    4  -7.18735226840335876E+05  1  1  0  2  0  0
    4   2.44611570855254377E+03  1  1  0  0  2  0
    4   4.00290625759207956E+02  1  0  2  0  1  0
    4  -1.11865573720180619E+04  1  0  1  1  1  0
    4   1.32234018780345505E+04  1  0  0  2  1  0
    4   8.13428685859672207E-01  1  0  0  0  3  0
    4   1.34380419786064234E+07  0  4  0  0  0  0
    4  -2.25704669303676405E+05  0  3  0  0  1  0
    4  -3.86950746792166901E+05  0  2  2  0  0  0
    4   5.99674573119352339E+05  0  2  1  1  0  0
    4   4.11096963475317508E+06  0  2  0  2  0  0
    4   9.67044378373132495E+04  0  2  0  0  2  0
    4   2.09496860821235623E+03  0  1  2  0  1  0
    4  -6.92825672750317462E+04  0  1  1  1  1  0
    4  -2.13072142840081273E+05  0  1  0  2  1  0
    4  -2.52178744033628011E+00  0  1  0  0  3  0
    4   2.81701313073663141E+03  0  0  4  0  0  0
    4  -1.65326633877671811E+04  0  0  3  1  0  0
    4  -2.15746742217110150E+05  0  0  2  2  0  0
    4   1.71555948056173702E+03  0  0  2  0  2  0
    4  -5.05659985339175561E+05  0  0  1  3  0  0
    4  -1.05451416865637771E+03  0  0  1  1  2  0
    4  -7.66323946026787162E+06  0  0  0  4  0  0
    4   4.16117715703398571E+04  0  0  0  2  2  0
    4  -1.34244649436061458E-01  0  0  0  0  4  0
    5  -1.65236011271804105E+05  5  0  0  0  0  0
    5  -6.98433887511093635E+05  4  1  0  0  0  0
    5  -1.43838327483612287E+05  4  0  0  0  1  0
    5   2.09591645404978730E+07  3  2  0  0  0  0
    5  -1.07564096690968238E+06  3  1  0  0  1  0
    5  -3.75824093812280800E+05  3  0  2  0  0  0
    5   3.09278942449303204E+06  3  0  1  1  0  0
    5  -1.46860067566862088E+07  3  0  0  2  0  0
    5  -2.03049658975085840E+04  3  0  0  0  2  0
    5   1.29336423441821225E+07  2  3  0  0  0  0
    5  -2.07673467291544341E+07  2  2  0  0  1  0
    5  -4.09265334978327528E+06  2  1  2  0  0  0
    5   1.71144422457982972E+07  2  1  1  1  0  0
    5  -4.48828203613155428E+06  2  1  0  2  0  0
    5   1.94114455565973622E+05  2  1  0  0  2  0
    5  -3.31915615538284823E+05  2  0  2  0  1  0
    5   7.74934605624237447E+05  2  0  1  1  1  0
    5  -8.21553787010982726E+06  2  0  0  2  1  0
    5  -1.41699766985154765E+04  2  0  0  0  3  0
    5   1.30306497991210127E+09  1  4  0  0  0  0
    5  -9.38730201737461686E+07  1  3  0  0  1  0
    5  -1.87508711610753089E+07  1  2  2  0  0  0
    5  -1.96839888549324542E+08  1  2  1  1  0  0
    5  -8.98151215367105722E+08  1  2  0  2  0  0
    5   5.53767136928402819E+06  1  2  0  0  2  0
    5  -1.62543357175742858E+06  1  1  2  0  1  0
    5   1.03413097448088881E+07  1  1  1  1  1  0
    5   1.79381754692775750E+05  1  1  0  2  1  0
    5  -8.40781835666791012E+04  1  1  0  0  3  0
    5  -2.05013125904278131E+05  1  0  4  0  0  0
    5  -4.11834749951821845E+06  1  0  3  1  0  0
    5   5.30554503615603317E+06  1  0  2  2  0  0
    5  -9.66596111765312380E+04  1  0  2  0  2  0
    5  -1.57625683324715227E+08  1  0  1  3  0  0
    5   2.44343649168110394E+05  1  0  1  1  2  0
    5  -4.61572022010840010E+05  1  0  0  4  0  0
    5  -1.35568659405127726E+06  1  0  0  2  2  0
    5   1.08791119174809364E+03  1  0  0  0  4  0
    5   1.06085694053358412E+09  0  5  0  0  0  0
    5  -6.56031921782173991E+08  0  4  0  0  1  0
    5   8.88473812138259858E+07  0  3  2  0  0  0
    5   2.38730553129906654E+09  0  3  1  1  0  0
    5  -2.09297588727545261E+09  0  3  0  2  0  0
    5   1.34914077702042218E+07  0  3  0  0  2  0
    5  -2.46328671212956831E+07  0  2  2  0  1  0
    5  -1.38324637634756900E+07  0  2  1  1  1  0
    5  -3.28687534944364786E+08  0  2  0  2  1  0
    5  -1.98476343524349318E+06  0  2  0  0  3  0
    5  -1.83200455833060807E+06  0  1  4  0  0  0
    5  -7.55131797878486216E+07  0  1  3  1  0  0
    5  -1.24908565086094365E+08  0  1  2  2  0  0
    5  -4.82190402910828707E+04  0  1  2  0  2  0
    5  -1.81630102783729005E+09  0  1  1  3  0  0
    5   3.02103413883865904E+06  0  1  1  1  2  0
    5  -3.38877479442950296E+09  0  1  0  4  0  0
    5   4.89381897710737027E+06  0  1  0  2  2  0
    5   4.71294907756324665E+03  0  1  0  0  4  0
    5   2.62386930275142404E+04  0  0  4  0  1  0
    5   9.10786709486709151E+04  0  0  3  1  1  0
    5   6.73667171876414958E+06  0  0  2  2  1  0
    5  -3.16973932610141746E+04  0  0  2  0  3  0
    5  -1.14976847774564251E+07  0  0  1  3  1  0
    5   4.51618223301627222E+03  0  0  1  1  3  0
    5  -3.07091798385298625E+07  0  0  0  4  1  0
    5  -1.87932940767549037E+05  0  0  0  2  3  0
    5   7.05938175833818633E+01  0  0  0  0  5  0
    6   2.61420544065954117E+06  6  0  0  0  0  0
    6   1.07638079418747798E+08  5  1  0  0  0  0
    6   4.13924676697757700E+06  5  0  0  0  1  0
    6   1.16517447143050337E+09  4  2  0  0  0  0
    6   3.28710368453009501E+07  4  1  0  0  1  0
    6   4.88140552209605579E+05  4  0  2  0  0  0
    6   2.36866326326011479E+08  4  0  1  1  0  0
    6   7.14817868962683678E+07  4  0  0  2  0  0
    6   4.74302165866131708E+06  4  0  0  0  2  0
    6   1.02973957073500996E+10  3  3  0  0  0  0
    6  -1.65207696753656954E+08  3  2  0  0  1  0
    6  -3.98093885836692989E+08  3  1  2  0  0  0
    6  -2.26170195172888786E+08  3  1  1  1  0  0
    6   1.78259963368411255E+10  3  1  0  2  0  0
    6   3.60063801056227880E+06  3  1  0  0  2  0
    6   3.75182332428680211E+07  3  0  2  0  1  0
    6  -3.02384328948942982E+07  3  0  1  1  1  0
    6   3.00011644764983416E+08  3  0  0  2  1  0
    6  -2.68324642153394525E+05  3  0  0  0  3  0
    6   1.07005678734592773E+11  2  4  0  0  0  0
    6  -3.27526120065172100E+09  2  3  0  0  1  0
    6   1.88268376242943096E+09  2  2  2  0  0  0
    6  -1.53264995224705811E+10  2  2  1  1  0  0
    6  -2.18615478011012192E+10  2  2  0  2  0  0
    6   1.03405189976677716E+09  2  2  0  0  2  0
    6   2.18827161038640857E+08  2  1  2  0  1  0
    6   1.08374008894749023E+07  2  1  1  1  1  0
    6   1.23555504308024272E+08  2  1  0  2  1  0
    6  -3.07883698116861563E+06  2  1  0  0  3  0
    6  -2.54815460971661881E+07  2  0  4  0  0  0
    6   9.05610790539726466E+07  2  0  3  1  0  0
    6   1.02856278280985892E+09  2  0  2  2  0  0
    6   3.38878349072508607E+06  2  0  2  0  2  0
    6   1.03244154950020142E+10  2  0  1  3  0  0
    6   6.93088906242207158E+06  2  0  1  1  2  0
    6   2.53242431028095703E+10  2  0  0  4  0  0
    6  -2.23055529526872039E+07  2  0  0  2  2  0
    6   3.75638542440955207E+04  2  0  0  0  4  0
    6   3.19865812535425964E+11  1  5  0  0  0  0
    6  -3.45944786036780701E+10  1  4  0  0  1  0
    6  -2.71131627973612404E+10  1  3  2  0  0  0
    6   1.59916282593203308E+11  1  3  1  1  0  0
    6   8.17871825256318237E+11  1  3  0  2  0  0
    6   1.82406951727469873E+09  1  3  0  0  2  0
    6   1.24859587105180383E+09  1  2  2  0  1  0
    6   7.39630535715310383E+09  1  2  1  1  1  0
    6  -2.80657952594551582E+10  1  2  0  2  1  0
    6  -3.76529392447088882E+07  1  2  0  0  3  0
    6   6.11148703020579457E+08  1  1  4  0  0  0
    6  -6.52576366865600300E+09  1  1  3  1  0  0
    6  -1.06827424197219009E+10  1  1  2  2  0  0
    6   1.90362240438927114E+07  1  1  2  0  2  0
    6  -1.71597788554168701E+11  1  1  1  3  0  0
    6   1.26516497825698346E+08  1  1  1  1  2  0
    6   3.72411422815442139E+11  1  1  0  4  0  0
    6   4.11989967349042416E+08  1  1  0  2  2  0
    6   5.44133768497988116E+05  1  1  0  0  4  0
    6   1.33652933583547380E+07  1  0  4  0  1  0
    6   2.39596532239656508E+08  1  0  3  1  1  0
    6   8.06483765618095398E+08  1  0  2  2  1  0
    6   1.73198722114903526E+06  1  0  2  0  3  0
    6   2.50779819923048639E+09  1  0  1  3  1  0
    6  -3.46203094633682771E+06  1  0  1  1  3  0
    6   1.06201251928110085E+10  1  0  0  4  1  0
    6   1.84221608408434428E+07  1  0  0  2  3  0
    6  -2.55099651468630400E+04  1  0  0  0  5  0
    6   3.60748579181649780E+11  0  6  0  0  0  0
    6  -6.55722825357443085E+10  0  5  0  0  1  0
    6   1.74680944594345917E+11  0  4  2  0  0  0
    6  -1.84835525211882544E+12  0  4  1  1  0  0
    6   9.23346098614972656E+11  0  4  0  2  0  0
    6   2.95168523234291954E+10  0  4  0  0  2  0
    6  -2.28309378254028112E+07  0  3  2  0  1  0
    6   3.01857312059065247E+10  0  3  1  1  1  0
    6   4.10927883974894714E+10  0  3  0  2  1  0
    6  -4.12275965330777943E+08  0  3  0  0  3  0
    6   3.99192930601618052E+08  0  2  4  0  0  0
    6   4.57108443679920349E+10  0  2  3  1  0  0
    6   8.22818781152338409E+10  0  2  2  2  0  0
    6   7.06199347743033290E+08  0  2  2  0  2  0
    6   1.18716515512155426E+11  0  2  1  3  0  0
    6   4.01122881446177959E+07  0  2  1  1  2  0
    6   1.94852703551069897E+12  0  2  0  4  0  0
    6   6.91759352697559643E+09  0  2  0  2  2  0
    6   1.79301235541729741E+07  0  2  0  0  4  0
    6  -4.62223194517434090E+07  0  1  4  0  1  0
    6   1.03596621648155963E+09  0  1  3  1  1  0
    6   2.87339046738413334E+09  0  1  2  2  1  0
    6  -3.71414496874688833E+05  0  1  2  0  3  0
    6  -6.33374050692381477E+09  0  1  1  3  1  0
    6  -3.18460747193999961E+07  0  1  1  1  3  0
    6   7.49039674278477631E+10  0  1  0  4  1  0
    6  -4.57643480933720246E+06  0  1  0  2  3  0
    6  -1.84336978441706509E+05  0  1  0  0  5  0
    6  -7.96175011302950606E+06  0  0  6  0  0  0
    6  -5.21293646257693112E+08  0  0  5  1  0  0
    6  -8.36585761787847519E+08  0  0  4  2  0  0
    6  -1.05284315466900636E+06  0  0  4  0  2  0
    6  -2.70623246294323807E+10  0  0  3  3  0  0
    6   3.38027917561332416E+06  0  0  3  1  2  0
    6  -2.99582973412645569E+10  0  0  2  4  0  0
    6   5.02658749831418172E+07  0  0  2  2  2  0
    6   2.28422220225282188E+05  0  0  2  0  4  0
    6  -3.47333337946041016E+11  0  0  1  5  0  0
    6  -5.10718127163996771E+07  0  0  1  3  2  0
    6  -2.43546701735227980E+05  0  0  1  1  4  0
    6  -4.13362503039840546E+10  0  0  0  6  0  0
    6   4.07034497433781087E+08  0  0  0  4  2  0
    6  -1.23063755530334031E+06  0  0  0  2  4  0
    6   1.18783606082096389E+03  0  0  0  0  6  0
 -246   0.00000000000000000E+00  0  0  0  0  0  0
