HP/UX     SURVEY17/01/:310.56.26HPUnix         1       F     186
NSLS VUV RING, NO IDS, 4 SUPERPERIODS                                           
    INITIAL              .000000  .000000000E+00  .000000000E+00  .000000000E+00
  .000000000E+00  .000000000E+00  .000000000E+00  .000000000E+00  .000000000E+00
  .000000000E+00  .000000000E+00  .000000000E+00  .000000000E+00
  .000000000E+00  .000000000E+00  .000000000E+00
DRIFD1S1                1.075000  .000000000E+00  .000000000E+00  .000000000E+00
  .000000000E+00  .000000000E+00  .000000000E+00  .000000000E+00  .000000000E+00
  .000000000E+00  .000000000E+00 1.075000000E+00 1.075000000E+00
  .000000000E+00  .000000000E+00  .000000000E+00
DRIFD2S1                 .502000  .000000000E+00  .000000000E+00  .000000000E+00
  .000000000E+00  .000000000E+00  .000000000E+00  .000000000E+00  .000000000E+00
  .000000000E+00  .000000000E+00 1.577000000E+00 1.577000000E+00
  .000000000E+00  .000000000E+00  .000000000E+00
MONIPUE1                 .000000  .000000000E+00  .000000000E+00  .000000000E+00
  .000000000E+00  .000000000E+00  .000000000E+00  .000000000E+00  .000000000E+00
  .000000000E+00  .000000000E+00 1.577000000E+00 1.577000000E+00
  .000000000E+00  .000000000E+00  .000000000E+00
DRIFD3S1                 .051000  .000000000E+00  .000000000E+00  .000000000E+00
  .000000000E+00  .000000000E+00  .000000000E+00  .000000000E+00  .000000000E+00
  .000000000E+00  .000000000E+00 1.628000000E+00 1.628000000E+00
  .000000000E+00  .000000000E+00  .000000000E+00
QUADQ1                   .300000  .000000000E+00 1.974046200E+00  .000000000E+00
  .000000000E+00  .000000000E+00  .000000000E+00  .000000000E+00  .000000000E+00
  .000000000E+00  .000000000E+00 1.928000000E+00 1.928000000E+00
  .000000000E+00  .000000000E+00  .000000000E+00
DRIFD4S1                 .050000  .000000000E+00  .000000000E+00  .000000000E+00
  .000000000E+00  .000000000E+00  .000000000E+00  .000000000E+00  .000000000E+00
  .000000000E+00  .000000000E+00 1.978000000E+00 1.978000000E+00
  .000000000E+00  .000000000E+00  .000000000E+00
KICKU1C1                 .250000  .000000000E+00  .000000000E+00  .000000000E+00
  .000000000E+00  .000000000E+00  .000000000E+00  .000000000E+00  .000000000E+00
  .000000000E+00  .000000000E+00 2.228000000E+00 2.228000000E+00
  .000000000E+00  .000000000E+00  .000000000E+00
DRIFD5S1                 .050000  .000000000E+00  .000000000E+00  .000000000E+00
  .000000000E+00  .000000000E+00  .000000000E+00  .000000000E+00  .000000000E+00
  .000000000E+00  .000000000E+00 2.278000000E+00 2.278000000E+00
  .000000000E+00  .000000000E+00  .000000000E+00
QUADQ2                   .300000  .000000000E+00-1.556670000E+00  .000000000E+00
  .000000000E+00  .000000000E+00  .000000000E+00  .000000000E+00  .000000000E+00
  .000000000E+00  .000000000E+00 2.578000000E+00 2.578000000E+00
  .000000000E+00  .000000000E+00  .000000000E+00
DRIFD6S1                 .025000  .000000000E+00  .000000000E+00  .000000000E+00
  .000000000E+00  .000000000E+00  .000000000E+00  .000000000E+00  .000000000E+00
  .000000000E+00  .000000000E+00 2.603000000E+00 2.603000000E+00
  .000000000E+00  .000000000E+00  .000000000E+00
MONIPUE2                 .000000  .000000000E+00  .000000000E+00  .000000000E+00
  .000000000E+00  .000000000E+00  .000000000E+00  .000000000E+00  .000000000E+00
  .000000000E+00  .000000000E+00 2.603000000E+00 2.603000000E+00
  .000000000E+00  .000000000E+00  .000000000E+00
DRIFD7S1                 .625000  .000000000E+00  .000000000E+00  .000000000E+00
  .000000000E+00  .000000000E+00  .000000000E+00  .000000000E+00  .000000000E+00
  .000000000E+00  .000000000E+00 3.228000000E+00 3.228000000E+00
  .000000000E+00  .000000000E+00  .000000000E+00
SBENBD                  1.500000 7.853981634E-01 2.433000000E-02  .000000000E+00
  .000000000E+00 3.926990817E-01 3.926990817E-01  .000000000E+00  .000000000E+00
-5.593848429E-01  .000000000E+00 4.578474474E+00 4.728000000E+00
-7.853981634E-01  .000000000E+00  .000000000E+00
DRIFD8S1                 .055000  .000000000E+00  .000000000E+00  .000000000E+00
  .000000000E+00  .000000000E+00  .000000000E+00  .000000000E+00  .000000000E+00
-5.982757158E-01  .000000000E+00 4.617365347E+00 4.783000000E+00
-7.853981634E-01  .000000000E+00  .000000000E+00
KICKU1C2                 .200000  .000000000E+00  .000000000E+00  .000000000E+00
  .000000000E+00  .000000000E+00  .000000000E+00  .000000000E+00  .000000000E+00
-7.396970721E-01  .000000000E+00 4.758786703E+00 4.983000000E+00
-7.853981634E-01  .000000000E+00  .000000000E+00
DRIFD9S1                 .055000  .000000000E+00  .000000000E+00  .000000000E+00
  .000000000E+00  .000000000E+00  .000000000E+00  .000000000E+00  .000000000E+00
-7.785879450E-01  .000000000E+00 4.797677576E+00 5.038000000E+00
-7.853981634E-01  .000000000E+00  .000000000E+00
QUADQSD1                 .200000  .000000000E+00  .000000000E+00  .000000000E+00
  .000000000E+00  .000000000E+00  .000000000E+00  .000000000E+00  .000000000E+00
-9.200093013E-01  .000000000E+00 4.939098933E+00 5.238000000E+00
-7.853981634E-01  .000000000E+00  .000000000E+00
DRIFD10S1                .037000  .000000000E+00  .000000000E+00  .000000000E+00
  .000000000E+00  .000000000E+00  .000000000E+00  .000000000E+00  .000000000E+00
-9.461722522E-01  .000000000E+00 4.965261884E+00 5.275000000E+00
-7.853981634E-01  .000000000E+00  .000000000E+00
MONIPUE3                 .000000  .000000000E+00  .000000000E+00  .000000000E+00
  .000000000E+00  .000000000E+00  .000000000E+00  .000000000E+00  .000000000E+00
-9.461722522E-01  .000000000E+00 4.965261884E+00 5.275000000E+00
-7.853981634E-01  .000000000E+00  .000000000E+00
DRIFD11S1                .173000  .000000000E+00  .000000000E+00  .000000000E+00
  .000000000E+00  .000000000E+00  .000000000E+00  .000000000E+00  .000000000E+00
-1.068501725E+00  .000000000E+00 5.087591357E+00 5.448000000E+00
-7.853981634E-01  .000000000E+00  .000000000E+00
DRIFUIFB3                .100000  .000000000E+00  .000000000E+00  .000000000E+00
  .000000000E+00  .000000000E+00  .000000000E+00  .000000000E+00  .000000000E+00
-1.139212403E+00  .000000000E+00 5.158302035E+00 5.548000000E+00
-7.853981634E-01  .000000000E+00  .000000000E+00
DRIFD12S1                .180000  .000000000E+00  .000000000E+00  .000000000E+00
  .000000000E+00  .000000000E+00  .000000000E+00  .000000000E+00  .000000000E+00
-1.266491624E+00  .000000000E+00 5.285581255E+00 5.728000000E+00
-7.853981634E-01  .000000000E+00  .000000000E+00
QUADQ3                   .300000  .000000000E+00 1.815053500E+00  .000000000E+00
  .000000000E+00  .000000000E+00  .000000000E+00  .000000000E+00  .000000000E+00
-1.478623658E+00  .000000000E+00 5.497713290E+00 6.028000000E+00
-7.853981634E-01  .000000000E+00  .000000000E+00
DRIFD13S1                .250000  .000000000E+00  .000000000E+00  .000000000E+00
  .000000000E+00  .000000000E+00  .000000000E+00  .000000000E+00  .000000000E+00
-1.655400354E+00  .000000000E+00 5.674489985E+00 6.278000000E+00
-7.853981634E-01  .000000000E+00  .000000000E+00
QUADQSF1                 .200000  .000000000E+00  .000000000E+00  .000000000E+00
  .000000000E+00  .000000000E+00  .000000000E+00  .000000000E+00  .000000000E+00
-1.796821710E+00  .000000000E+00 5.815911341E+00 6.478000000E+00
-7.853981634E-01  .000000000E+00  .000000000E+00
DRIFD14S1                .250000  .000000000E+00  .000000000E+00  .000000000E+00
  .000000000E+00  .000000000E+00  .000000000E+00  .000000000E+00  .000000000E+00
-1.973598405E+00  .000000000E+00 5.992688037E+00 6.728000000E+00
-7.853981634E-01  .000000000E+00  .000000000E+00
QUADQ3                   .300000  .000000000E+00 1.815053500E+00  .000000000E+00
  .000000000E+00  .000000000E+00  .000000000E+00  .000000000E+00  .000000000E+00
-2.185730440E+00  .000000000E+00 6.204820071E+00 7.028000000E+00
-7.853981634E-01  .000000000E+00  .000000000E+00
DRIFD15S1                .035000  .000000000E+00  .000000000E+00  .000000000E+00
  .000000000E+00  .000000000E+00  .000000000E+00  .000000000E+00  .000000000E+00
-2.210479177E+00  .000000000E+00 6.229568808E+00 7.063000000E+00
-7.853981634E-01  .000000000E+00  .000000000E+00
MONIPUE4                 .000000  .000000000E+00  .000000000E+00  .000000000E+00
  .000000000E+00  .000000000E+00  .000000000E+00  .000000000E+00  .000000000E+00
-2.210479177E+00  .000000000E+00 6.229568808E+00 7.063000000E+00
-7.853981634E-01  .000000000E+00  .000000000E+00
DRIFD16S1                .455000  .000000000E+00  .000000000E+00  .000000000E+00
  .000000000E+00  .000000000E+00  .000000000E+00  .000000000E+00  .000000000E+00
-2.532212762E+00  .000000000E+00 6.551302394E+00 7.518000000E+00
-7.853981634E-01  .000000000E+00  .000000000E+00
QUADQSD2                 .200000  .000000000E+00  .000000000E+00  .000000000E+00
  .000000000E+00  .000000000E+00  .000000000E+00  .000000000E+00  .000000000E+00
-2.673634119E+00  .000000000E+00 6.692723750E+00 7.718000000E+00
-7.853981634E-01  .000000000E+00  .000000000E+00
DRIFD17S1                .055000  .000000000E+00  .000000000E+00  .000000000E+00
  .000000000E+00  .000000000E+00  .000000000E+00  .000000000E+00  .000000000E+00
-2.712524992E+00  .000000000E+00 6.731614623E+00 7.773000000E+00
-7.853981634E-01  .000000000E+00  .000000000E+00
KICKU1C3                 .200000  .000000000E+00  .000000000E+00  .000000000E+00
  .000000000E+00  .000000000E+00  .000000000E+00  .000000000E+00  .000000000E+00
-2.853946348E+00  .000000000E+00 6.873035979E+00 7.973000000E+00
-7.853981634E-01  .000000000E+00  .000000000E+00
DRIFD18S1                .055000  .000000000E+00  .000000000E+00  .000000000E+00
  .000000000E+00  .000000000E+00  .000000000E+00  .000000000E+00  .000000000E+00
-2.892837221E+00  .000000000E+00 6.911926852E+00 8.028000000E+00
-7.853981634E-01  .000000000E+00  .000000000E+00
SBENBD                  1.500000 7.853981634E-01 2.433000000E-02  .000000000E+00
  .000000000E+00 3.926990817E-01 3.926990817E-01  .000000000E+00  .000000000E+00
-4.243311695E+00  .000000000E+00 7.471311695E+00 9.528000000E+00
-1.570796327E+00  .000000000E+00  .000000000E+00
DRIFD19S1                .625000  .000000000E+00  .000000000E+00  .000000000E+00
  .000000000E+00  .000000000E+00  .000000000E+00  .000000000E+00  .000000000E+00
-4.868311695E+00  .000000000E+00 7.471311695E+00 1.015300000E+01
-1.570796327E+00  .000000000E+00  .000000000E+00
MONIPUE5                 .000000  .000000000E+00  .000000000E+00  .000000000E+00
  .000000000E+00  .000000000E+00  .000000000E+00  .000000000E+00  .000000000E+00
-4.868311695E+00  .000000000E+00 7.471311695E+00 1.015300000E+01
-1.570796327E+00  .000000000E+00  .000000000E+00
DRIFD20S1                .025000  .000000000E+00  .000000000E+00  .000000000E+00
  .000000000E+00  .000000000E+00  .000000000E+00  .000000000E+00  .000000000E+00
-4.893311695E+00  .000000000E+00 7.471311695E+00 1.017800000E+01
-1.570796327E+00  .000000000E+00  .000000000E+00
QUADQ4                   .300000  .000000000E+00-1.574800000E+00  .000000000E+00
  .000000000E+00  .000000000E+00  .000000000E+00  .000000000E+00  .000000000E+00
-5.193311695E+00  .000000000E+00 7.471311695E+00 1.047800000E+01
-1.570796327E+00  .000000000E+00  .000000000E+00
DRIFD21S1                .050000  .000000000E+00  .000000000E+00  .000000000E+00
  .000000000E+00  .000000000E+00  .000000000E+00  .000000000E+00  .000000000E+00
-5.243311695E+00  .000000000E+00 7.471311695E+00 1.052800000E+01
-1.570796327E+00  .000000000E+00  .000000000E+00
KICKU1C4                 .250000  .000000000E+00  .000000000E+00  .000000000E+00
  .000000000E+00  .000000000E+00  .000000000E+00  .000000000E+00  .000000000E+00
-5.493311695E+00  .000000000E+00 7.471311695E+00 1.077800000E+01
-1.570796327E+00  .000000000E+00  .000000000E+00
DRIFD22S1                .050000  .000000000E+00  .000000000E+00  .000000000E+00
  .000000000E+00  .000000000E+00  .000000000E+00  .000000000E+00  .000000000E+00
-5.543311695E+00  .000000000E+00 7.471311695E+00 1.082800000E+01
-1.570796327E+00  .000000000E+00  .000000000E+00
QUADQ5                   .300000  .000000000E+00 2.041670000E+00  .000000000E+00
  .000000000E+00  .000000000E+00  .000000000E+00  .000000000E+00  .000000000E+00
-5.843311695E+00  .000000000E+00 7.471311695E+00 1.112800000E+01
-1.570796327E+00  .000000000E+00  .000000000E+00
DRIFD23S1                .048000  .000000000E+00  .000000000E+00  .000000000E+00
  .000000000E+00  .000000000E+00  .000000000E+00  .000000000E+00  .000000000E+00
-5.891311695E+00  .000000000E+00 7.471311695E+00 1.117600000E+01
-1.570796327E+00  .000000000E+00  .000000000E+00
MONIPUE6                 .000000  .000000000E+00  .000000000E+00  .000000000E+00
  .000000000E+00  .000000000E+00  .000000000E+00  .000000000E+00  .000000000E+00
-5.891311695E+00  .000000000E+00 7.471311695E+00 1.117600000E+01
-1.570796327E+00  .000000000E+00  .000000000E+00
DRIFD24S1                .505000  .000000000E+00  .000000000E+00  .000000000E+00
  .000000000E+00  .000000000E+00  .000000000E+00  .000000000E+00  .000000000E+00
-6.396311695E+00  .000000000E+00 7.471311695E+00 1.168100000E+01
-1.570796327E+00  .000000000E+00  .000000000E+00
DRIFD25S1               1.075000  .000000000E+00  .000000000E+00  .000000000E+00
  .000000000E+00  .000000000E+00  .000000000E+00  .000000000E+00  .000000000E+00
-7.471311695E+00  .000000000E+00 7.471311695E+00 1.275600000E+01
-1.570796327E+00  .000000000E+00  .000000000E+00
DRIFD1S2                1.075000  .000000000E+00  .000000000E+00  .000000000E+00
  .000000000E+00  .000000000E+00  .000000000E+00  .000000000E+00  .000000000E+00
-8.546311695E+00  .000000000E+00 7.471311695E+00 1.383100000E+01
-1.570796327E+00  .000000000E+00  .000000000E+00
DRIFD2S2                 .502000  .000000000E+00  .000000000E+00  .000000000E+00
  .000000000E+00  .000000000E+00  .000000000E+00  .000000000E+00  .000000000E+00
-9.048311695E+00  .000000000E+00 7.471311695E+00 1.433300000E+01
-1.570796327E+00  .000000000E+00  .000000000E+00
MONIPUE7                 .000000  .000000000E+00  .000000000E+00  .000000000E+00
  .000000000E+00  .000000000E+00  .000000000E+00  .000000000E+00  .000000000E+00
-9.048311695E+00  .000000000E+00 7.471311695E+00 1.433300000E+01
-1.570796327E+00  .000000000E+00  .000000000E+00
DRIFD3S2                 .051000  .000000000E+00  .000000000E+00  .000000000E+00
  .000000000E+00  .000000000E+00  .000000000E+00  .000000000E+00  .000000000E+00
-9.099311695E+00  .000000000E+00 7.471311695E+00 1.438400000E+01
-1.570796327E+00  .000000000E+00  .000000000E+00
QUADQ5B                  .300000  .000000000E+00 2.041670000E+00  .000000000E+00
  .000000000E+00  .000000000E+00  .000000000E+00  .000000000E+00  .000000000E+00
-9.399311695E+00  .000000000E+00 7.471311695E+00 1.468400000E+01
-1.570796327E+00  .000000000E+00  .000000000E+00
DRIFD4S2                 .050000  .000000000E+00  .000000000E+00  .000000000E+00
  .000000000E+00  .000000000E+00  .000000000E+00  .000000000E+00  .000000000E+00
-9.449311695E+00  .000000000E+00 7.471311695E+00 1.473400000E+01
-1.570796327E+00  .000000000E+00  .000000000E+00
KICKU2C5                 .250000  .000000000E+00  .000000000E+00  .000000000E+00
  .000000000E+00  .000000000E+00  .000000000E+00  .000000000E+00  .000000000E+00
-9.699311695E+00  .000000000E+00 7.471311695E+00 1.498400000E+01
-1.570796327E+00  .000000000E+00  .000000000E+00
DRIFD5S2                 .050000  .000000000E+00  .000000000E+00  .000000000E+00
  .000000000E+00  .000000000E+00  .000000000E+00  .000000000E+00  .000000000E+00
-9.749311695E+00  .000000000E+00 7.471311695E+00 1.503400000E+01
-1.570796327E+00  .000000000E+00  .000000000E+00
QUADQ4B                  .300000  .000000000E+00-1.574800000E+00  .000000000E+00
  .000000000E+00  .000000000E+00  .000000000E+00  .000000000E+00  .000000000E+00
-1.004931170E+01  .000000000E+00 7.471311695E+00 1.533400000E+01
-1.570796327E+00  .000000000E+00  .000000000E+00
DRIFD6S2                 .025000  .000000000E+00  .000000000E+00  .000000000E+00
  .000000000E+00  .000000000E+00  .000000000E+00  .000000000E+00  .000000000E+00
-1.007431170E+01  .000000000E+00 7.471311695E+00 1.535900000E+01
-1.570796327E+00  .000000000E+00  .000000000E+00
MONIPUE8                 .000000  .000000000E+00  .000000000E+00  .000000000E+00
  .000000000E+00  .000000000E+00  .000000000E+00  .000000000E+00  .000000000E+00
-1.007431170E+01  .000000000E+00 7.471311695E+00 1.535900000E+01
-1.570796327E+00  .000000000E+00  .000000000E+00
DRIFD7S2                 .625000  .000000000E+00  .000000000E+00  .000000000E+00
  .000000000E+00  .000000000E+00  .000000000E+00  .000000000E+00  .000000000E+00
-1.069931170E+01  .000000000E+00 7.471311695E+00 1.598400000E+01
-1.570796327E+00  .000000000E+00  .000000000E+00
SBENBD                  1.500000 7.853981634E-01 2.433000000E-02  .000000000E+00
  .000000000E+00 3.926990817E-01 3.926990817E-01  .000000000E+00  .000000000E+00
-1.204978617E+01  .000000000E+00 6.911926852E+00 1.748400000E+01
-2.356194490E+00  .000000000E+00  .000000000E+00
DRIFD8S2                 .055000  .000000000E+00  .000000000E+00  .000000000E+00
  .000000000E+00  .000000000E+00  .000000000E+00  .000000000E+00  .000000000E+00
-1.208867704E+01  .000000000E+00 6.873035979E+00 1.753900000E+01
-2.356194490E+00  .000000000E+00  .000000000E+00
KICKU2C6                 .200000  .000000000E+00  .000000000E+00  .000000000E+00
  .000000000E+00  .000000000E+00  .000000000E+00  .000000000E+00  .000000000E+00
-1.223009840E+01  .000000000E+00 6.731614623E+00 1.773900000E+01
-2.356194490E+00  .000000000E+00  .000000000E+00
DRIFD9S2                 .055000  .000000000E+00  .000000000E+00  .000000000E+00
  .000000000E+00  .000000000E+00  .000000000E+00  .000000000E+00  .000000000E+00
-1.226898927E+01  .000000000E+00 6.692723750E+00 1.779400000E+01
-2.356194490E+00  .000000000E+00  .000000000E+00
QUADQSD3                 .200000  .000000000E+00  .000000000E+00  .000000000E+00
  .000000000E+00  .000000000E+00  .000000000E+00  .000000000E+00  .000000000E+00
-1.241041063E+01  .000000000E+00 6.551302394E+00 1.799400000E+01
-2.356194490E+00  .000000000E+00  .000000000E+00
DRIFD10S2                .037000  .000000000E+00  .000000000E+00  .000000000E+00
  .000000000E+00  .000000000E+00  .000000000E+00  .000000000E+00  .000000000E+00
-1.243657358E+01  .000000000E+00 6.525139443E+00 1.803100000E+01
-2.356194490E+00  .000000000E+00  .000000000E+00
DRIFD11S2                .417000  .000000000E+00  .000000000E+00  .000000000E+00
  .000000000E+00  .000000000E+00  .000000000E+00  .000000000E+00  .000000000E+00
-1.273143711E+01  .000000000E+00 6.230275915E+00 1.844800000E+01
-2.356194490E+00  .000000000E+00  .000000000E+00
MONIPUE9                 .000000  .000000000E+00  .000000000E+00  .000000000E+00
  .000000000E+00  .000000000E+00  .000000000E+00  .000000000E+00  .000000000E+00
-1.273143711E+01  .000000000E+00 6.230275915E+00 1.844800000E+01
-2.356194490E+00  .000000000E+00  .000000000E+00
DRIFD12S2                .036000  .000000000E+00  .000000000E+00  .000000000E+00
  .000000000E+00  .000000000E+00  .000000000E+00  .000000000E+00  .000000000E+00
-1.275689295E+01  .000000000E+00 6.204820071E+00 1.848400000E+01
-2.356194490E+00  .000000000E+00  .000000000E+00
QUADQ3B                  .300000  .000000000E+00 1.815053500E+00  .000000000E+00
  .000000000E+00  .000000000E+00  .000000000E+00  .000000000E+00  .000000000E+00
-1.296902498E+01  .000000000E+00 5.992688037E+00 1.878400000E+01
-2.356194490E+00  .000000000E+00  .000000000E+00
DRIFD13S2                .250000  .000000000E+00  .000000000E+00  .000000000E+00
  .000000000E+00  .000000000E+00  .000000000E+00  .000000000E+00  .000000000E+00
-1.314580168E+01  .000000000E+00 5.815911341E+00 1.903400000E+01
-2.356194490E+00  .000000000E+00  .000000000E+00
QUADQSF2                 .200000  .000000000E+00  .000000000E+00  .000000000E+00
  .000000000E+00  .000000000E+00  .000000000E+00  .000000000E+00  .000000000E+00
-1.328722304E+01  .000000000E+00 5.674489985E+00 1.923400000E+01
-2.356194490E+00  .000000000E+00  .000000000E+00
DRIFD14S2                .250000  .000000000E+00  .000000000E+00  .000000000E+00
  .000000000E+00  .000000000E+00  .000000000E+00  .000000000E+00  .000000000E+00
-1.346399973E+01  .000000000E+00 5.497713290E+00 1.948400000E+01
-2.356194490E+00  .000000000E+00  .000000000E+00
QUADQ3B                  .300000  .000000000E+00 1.815053500E+00  .000000000E+00
  .000000000E+00  .000000000E+00  .000000000E+00  .000000000E+00  .000000000E+00
-1.367613177E+01  .000000000E+00 5.285581255E+00 1.978400000E+01
-2.356194490E+00  .000000000E+00  .000000000E+00
DRIFD15S2                .040000  .000000000E+00  .000000000E+00  .000000000E+00
  .000000000E+00  .000000000E+00  .000000000E+00  .000000000E+00  .000000000E+00
-1.370441604E+01  .000000000E+00 5.257296984E+00 1.982400000E+01
-2.356194490E+00  .000000000E+00  .000000000E+00
MONIPUE10                .000000  .000000000E+00  .000000000E+00  .000000000E+00
  .000000000E+00  .000000000E+00  .000000000E+00  .000000000E+00  .000000000E+00
-1.370441604E+01  .000000000E+00 5.257296984E+00 1.982400000E+01
-2.356194490E+00  .000000000E+00  .000000000E+00
DRIFD16S2                .450000  .000000000E+00  .000000000E+00  .000000000E+00
  .000000000E+00  .000000000E+00  .000000000E+00  .000000000E+00  .000000000E+00
-1.402261409E+01  .000000000E+00 4.939098933E+00 2.027400000E+01
-2.356194490E+00  .000000000E+00  .000000000E+00
QUADQSD4                 .200000  .000000000E+00  .000000000E+00  .000000000E+00
  .000000000E+00  .000000000E+00  .000000000E+00  .000000000E+00  .000000000E+00
-1.416403545E+01  .000000000E+00 4.797677576E+00 2.047400000E+01
-2.356194490E+00  .000000000E+00  .000000000E+00
DRIFD17S2                .055000  .000000000E+00  .000000000E+00  .000000000E+00
  .000000000E+00  .000000000E+00  .000000000E+00  .000000000E+00  .000000000E+00
-1.420292632E+01  .000000000E+00 4.758786703E+00 2.052900000E+01
-2.356194490E+00  .000000000E+00  .000000000E+00
KICKU2C7                 .200000  .000000000E+00  .000000000E+00  .000000000E+00
  .000000000E+00  .000000000E+00  .000000000E+00  .000000000E+00  .000000000E+00
-1.434434767E+01  .000000000E+00 4.617365347E+00 2.072900000E+01
-2.356194490E+00  .000000000E+00  .000000000E+00
DRIFD18S2                .055000  .000000000E+00  .000000000E+00  .000000000E+00
  .000000000E+00  .000000000E+00  .000000000E+00  .000000000E+00  .000000000E+00
-1.438323855E+01  .000000000E+00 4.578474474E+00 2.078400000E+01
-2.356194490E+00  .000000000E+00  .000000000E+00
SBENBD                  1.500000 7.853981634E-01 2.433000000E-02  .000000000E+00
  .000000000E+00 3.926990817E-01 3.926990817E-01  .000000000E+00  .000000000E+00
-1.494262339E+01  .000000000E+00 3.228000000E+00 2.228400000E+01
-3.141592654E+00  .000000000E+00  .000000000E+00
DRIFD19S2                .612000  .000000000E+00  .000000000E+00  .000000000E+00
  .000000000E+00  .000000000E+00  .000000000E+00  .000000000E+00  .000000000E+00
-1.494262339E+01  .000000000E+00 2.616000000E+00 2.289600000E+01
-3.141592654E+00  .000000000E+00  .000000000E+00
MONIPUE11                .000000  .000000000E+00  .000000000E+00  .000000000E+00
  .000000000E+00  .000000000E+00  .000000000E+00  .000000000E+00  .000000000E+00
-1.494262339E+01  .000000000E+00 2.616000000E+00 2.289600000E+01
-3.141592654E+00  .000000000E+00  .000000000E+00
DRIFD20S2                .038000  .000000000E+00  .000000000E+00  .000000000E+00
  .000000000E+00  .000000000E+00  .000000000E+00  .000000000E+00  .000000000E+00
-1.494262339E+01  .000000000E+00 2.578000000E+00 2.293400000E+01
-3.141592654E+00  .000000000E+00  .000000000E+00
QUADQ2B                  .300000  .000000000E+00-1.556670000E+00  .000000000E+00
  .000000000E+00  .000000000E+00  .000000000E+00  .000000000E+00  .000000000E+00
-1.494262339E+01  .000000000E+00 2.278000000E+00 2.323400000E+01
-3.141592654E+00  .000000000E+00  .000000000E+00
DRIFD21S2                .050000  .000000000E+00  .000000000E+00  .000000000E+00
  .000000000E+00  .000000000E+00  .000000000E+00  .000000000E+00  .000000000E+00
-1.494262339E+01  .000000000E+00 2.228000000E+00 2.328400000E+01
-3.141592654E+00  .000000000E+00  .000000000E+00
KICKU2C8                 .250000  .000000000E+00  .000000000E+00  .000000000E+00
  .000000000E+00  .000000000E+00  .000000000E+00  .000000000E+00  .000000000E+00
-1.494262339E+01  .000000000E+00 1.978000000E+00 2.353400000E+01
-3.141592654E+00  .000000000E+00  .000000000E+00
DRIFD22S2                .050000  .000000000E+00  .000000000E+00  .000000000E+00
  .000000000E+00  .000000000E+00  .000000000E+00  .000000000E+00  .000000000E+00
-1.494262339E+01  .000000000E+00 1.928000000E+00 2.358400000E+01
-3.141592654E+00  .000000000E+00  .000000000E+00
QUADQ1B                  .300000  .000000000E+00 1.974046200E+00  .000000000E+00
  .000000000E+00  .000000000E+00  .000000000E+00  .000000000E+00  .000000000E+00
-1.494262339E+01  .000000000E+00 1.628000000E+00 2.388400000E+01
-3.141592654E+00  .000000000E+00  .000000000E+00
DRIFD23S2                .038000  .000000000E+00  .000000000E+00  .000000000E+00
  .000000000E+00  .000000000E+00  .000000000E+00  .000000000E+00  .000000000E+00
-1.494262339E+01  .000000000E+00 1.590000000E+00 2.392200000E+01
-3.141592654E+00  .000000000E+00  .000000000E+00
MONIPUE12                .000000  .000000000E+00  .000000000E+00  .000000000E+00
  .000000000E+00  .000000000E+00  .000000000E+00  .000000000E+00  .000000000E+00
-1.494262339E+01  .000000000E+00 1.590000000E+00 2.392200000E+01
-3.141592654E+00  .000000000E+00  .000000000E+00
DRIFD24S2                .515000  .000000000E+00  .000000000E+00  .000000000E+00
  .000000000E+00  .000000000E+00  .000000000E+00  .000000000E+00  .000000000E+00
-1.494262339E+01  .000000000E+00 1.075000000E+00 2.443700000E+01
-3.141592654E+00  .000000000E+00  .000000000E+00
DRIFD25S2               1.075000  .000000000E+00  .000000000E+00  .000000000E+00
  .000000000E+00  .000000000E+00  .000000000E+00  .000000000E+00  .000000000E+00
-1.494262339E+01  .000000000E+00-8.415490527E-14 2.551200000E+01
-3.141592654E+00  .000000000E+00  .000000000E+00
DRIFD1S3                1.075000  .000000000E+00  .000000000E+00  .000000000E+00
  .000000000E+00  .000000000E+00  .000000000E+00  .000000000E+00  .000000000E+00
-1.494262339E+01  .000000000E+00-1.075000000E+00 2.658700000E+01
-3.141592654E+00  .000000000E+00  .000000000E+00
DRIFD2S3                 .515000  .000000000E+00  .000000000E+00  .000000000E+00
  .000000000E+00  .000000000E+00  .000000000E+00  .000000000E+00  .000000000E+00
-1.494262339E+01  .000000000E+00-1.590000000E+00 2.710200000E+01
-3.141592654E+00  .000000000E+00  .000000000E+00
MONIPUE13                .000000  .000000000E+00  .000000000E+00  .000000000E+00
  .000000000E+00  .000000000E+00  .000000000E+00  .000000000E+00  .000000000E+00
-1.494262339E+01  .000000000E+00-1.590000000E+00 2.710200000E+01
-3.141592654E+00  .000000000E+00  .000000000E+00
DRIFD3S3                 .038000  .000000000E+00  .000000000E+00  .000000000E+00
  .000000000E+00  .000000000E+00  .000000000E+00  .000000000E+00  .000000000E+00
-1.494262339E+01  .000000000E+00-1.628000000E+00 2.714000000E+01
-3.141592654E+00  .000000000E+00  .000000000E+00
QUADQ1C                  .300000  .000000000E+00 1.974046200E+00  .000000000E+00
  .000000000E+00  .000000000E+00  .000000000E+00  .000000000E+00  .000000000E+00
-1.494262339E+01  .000000000E+00-1.928000000E+00 2.744000000E+01
-3.141592654E+00  .000000000E+00  .000000000E+00
DRIFD4S3                 .050000  .000000000E+00  .000000000E+00  .000000000E+00
  .000000000E+00  .000000000E+00  .000000000E+00  .000000000E+00  .000000000E+00
-1.494262339E+01  .000000000E+00-1.978000000E+00 2.749000000E+01
-3.141592654E+00  .000000000E+00  .000000000E+00
KICKU3C9                 .250000  .000000000E+00  .000000000E+00  .000000000E+00
  .000000000E+00  .000000000E+00  .000000000E+00  .000000000E+00  .000000000E+00
-1.494262339E+01  .000000000E+00-2.228000000E+00 2.774000000E+01
-3.141592654E+00  .000000000E+00  .000000000E+00
DRIFD5S3                 .050000  .000000000E+00  .000000000E+00  .000000000E+00
  .000000000E+00  .000000000E+00  .000000000E+00  .000000000E+00  .000000000E+00
-1.494262339E+01  .000000000E+00-2.278000000E+00 2.779000000E+01
-3.141592654E+00  .000000000E+00  .000000000E+00
QUADQ2C                  .300000  .000000000E+00-1.556670000E+00  .000000000E+00
  .000000000E+00  .000000000E+00  .000000000E+00  .000000000E+00  .000000000E+00
-1.494262339E+01  .000000000E+00-2.578000000E+00 2.809000000E+01
-3.141592654E+00  .000000000E+00  .000000000E+00
DRIFD6S3                 .038000  .000000000E+00  .000000000E+00  .000000000E+00
  .000000000E+00  .000000000E+00  .000000000E+00  .000000000E+00  .000000000E+00
-1.494262339E+01  .000000000E+00-2.616000000E+00 2.812800000E+01
-3.141592654E+00  .000000000E+00  .000000000E+00
MONIPUE14                .000000  .000000000E+00  .000000000E+00  .000000000E+00
  .000000000E+00  .000000000E+00  .000000000E+00  .000000000E+00  .000000000E+00
-1.494262339E+01  .000000000E+00-2.616000000E+00 2.812800000E+01
-3.141592654E+00  .000000000E+00  .000000000E+00
DRIFD7S3                 .612000  .000000000E+00  .000000000E+00  .000000000E+00
  .000000000E+00  .000000000E+00  .000000000E+00  .000000000E+00  .000000000E+00
-1.494262339E+01  .000000000E+00-3.228000000E+00 2.874000000E+01
-3.141592654E+00  .000000000E+00  .000000000E+00
SBENBD                  1.500000 7.853981634E-01 2.433000000E-02  .000000000E+00
  .000000000E+00 3.926990817E-01 3.926990817E-01  .000000000E+00  .000000000E+00
-1.438323855E+01  .000000000E+00-4.578474474E+00 3.024000000E+01
-3.926990817E+00  .000000000E+00  .000000000E+00
DRIFD8S3                 .055000  .000000000E+00  .000000000E+00  .000000000E+00
  .000000000E+00  .000000000E+00  .000000000E+00  .000000000E+00  .000000000E+00
-1.434434767E+01  .000000000E+00-4.617365347E+00 3.029500000E+01
-3.926990817E+00  .000000000E+00  .000000000E+00
KICKU3C10                .200000  .000000000E+00  .000000000E+00  .000000000E+00
  .000000000E+00  .000000000E+00  .000000000E+00  .000000000E+00  .000000000E+00
-1.420292632E+01  .000000000E+00-4.758786703E+00 3.049500000E+01
-3.926990817E+00  .000000000E+00  .000000000E+00
DRIFD9S3                 .055000  .000000000E+00  .000000000E+00  .000000000E+00
  .000000000E+00  .000000000E+00  .000000000E+00  .000000000E+00  .000000000E+00
-1.416403545E+01  .000000000E+00-4.797677576E+00 3.055000000E+01
-3.926990817E+00  .000000000E+00  .000000000E+00
QUADQSD5                 .200000  .000000000E+00  .000000000E+00  .000000000E+00
  .000000000E+00  .000000000E+00  .000000000E+00  .000000000E+00  .000000000E+00
-1.402261409E+01  .000000000E+00-4.939098933E+00 3.075000000E+01
-3.926990817E+00  .000000000E+00  .000000000E+00
DRIFD10S3                .037000  .000000000E+00  .000000000E+00  .000000000E+00
  .000000000E+00  .000000000E+00  .000000000E+00  .000000000E+00  .000000000E+00
-1.399645114E+01  .000000000E+00-4.965261884E+00 3.078700000E+01
-3.926990817E+00  .000000000E+00  .000000000E+00
DRIFD11S3                .413000  .000000000E+00  .000000000E+00  .000000000E+00
  .000000000E+00  .000000000E+00  .000000000E+00  .000000000E+00  .000000000E+00
-1.370441604E+01  .000000000E+00-5.257296984E+00 3.120000000E+01
-3.926990817E+00  .000000000E+00  .000000000E+00
MONIPUE15                .000000  .000000000E+00  .000000000E+00  .000000000E+00
  .000000000E+00  .000000000E+00  .000000000E+00  .000000000E+00  .000000000E+00
-1.370441604E+01  .000000000E+00-5.257296984E+00 3.120000000E+01
-3.926990817E+00  .000000000E+00  .000000000E+00
DRIFD12S3                .040000  .000000000E+00  .000000000E+00  .000000000E+00
  .000000000E+00  .000000000E+00  .000000000E+00  .000000000E+00  .000000000E+00
-1.367613177E+01  .000000000E+00-5.285581255E+00 3.124000000E+01
-3.926990817E+00  .000000000E+00  .000000000E+00
QUADQ3C                  .300000  .000000000E+00 1.815053500E+00  .000000000E+00
  .000000000E+00  .000000000E+00  .000000000E+00  .000000000E+00  .000000000E+00
-1.346399973E+01  .000000000E+00-5.497713290E+00 3.154000000E+01
-3.926990817E+00  .000000000E+00  .000000000E+00
DRIFD13S3                .250000  .000000000E+00  .000000000E+00  .000000000E+00
  .000000000E+00  .000000000E+00  .000000000E+00  .000000000E+00  .000000000E+00
-1.328722304E+01  .000000000E+00-5.674489985E+00 3.179000000E+01
-3.926990817E+00  .000000000E+00  .000000000E+00
QUADQSF3                 .200000  .000000000E+00  .000000000E+00  .000000000E+00
  .000000000E+00  .000000000E+00  .000000000E+00  .000000000E+00  .000000000E+00
-1.314580168E+01  .000000000E+00-5.815911341E+00 3.199000000E+01
-3.926990817E+00  .000000000E+00  .000000000E+00
DRIFD14S3                .250000  .000000000E+00  .000000000E+00  .000000000E+00
  .000000000E+00  .000000000E+00  .000000000E+00  .000000000E+00  .000000000E+00
-1.296902498E+01  .000000000E+00-5.992688037E+00 3.224000000E+01
-3.926990817E+00  .000000000E+00  .000000000E+00
QUADQ3C                  .300000  .000000000E+00 1.815053500E+00  .000000000E+00
  .000000000E+00  .000000000E+00  .000000000E+00  .000000000E+00  .000000000E+00
-1.275689295E+01  .000000000E+00-6.204820071E+00 3.254000000E+01
-3.926990817E+00  .000000000E+00  .000000000E+00
DRIFD15S3                .038000  .000000000E+00  .000000000E+00  .000000000E+00
  .000000000E+00  .000000000E+00  .000000000E+00  .000000000E+00  .000000000E+00
-1.273002289E+01  .000000000E+00-6.231690129E+00 3.257800000E+01
-3.926990817E+00  .000000000E+00  .000000000E+00
MONIPUE16                .000000  .000000000E+00  .000000000E+00  .000000000E+00
  .000000000E+00  .000000000E+00  .000000000E+00  .000000000E+00  .000000000E+00
-1.273002289E+01  .000000000E+00-6.231690129E+00 3.257800000E+01
-3.926990817E+00  .000000000E+00  .000000000E+00
DRIFD16S3                .452000  .000000000E+00  .000000000E+00  .000000000E+00
  .000000000E+00  .000000000E+00  .000000000E+00  .000000000E+00  .000000000E+00
-1.241041063E+01  .000000000E+00-6.551302394E+00 3.303000000E+01
-3.926990817E+00  .000000000E+00  .000000000E+00
QUADQSD6                 .200000  .000000000E+00  .000000000E+00  .000000000E+00
  .000000000E+00  .000000000E+00  .000000000E+00  .000000000E+00  .000000000E+00
-1.226898927E+01  .000000000E+00-6.692723750E+00 3.323000000E+01
-3.926990817E+00  .000000000E+00  .000000000E+00
DRIFD17S3                .055000  .000000000E+00  .000000000E+00  .000000000E+00
  .000000000E+00  .000000000E+00  .000000000E+00  .000000000E+00  .000000000E+00
-1.223009840E+01  .000000000E+00-6.731614623E+00 3.328500000E+01
-3.926990817E+00  .000000000E+00  .000000000E+00
KICKU3C11                .200000  .000000000E+00  .000000000E+00  .000000000E+00
  .000000000E+00  .000000000E+00  .000000000E+00  .000000000E+00  .000000000E+00
-1.208867704E+01  .000000000E+00-6.873035979E+00 3.348500000E+01
-3.926990817E+00  .000000000E+00  .000000000E+00
DRIFD18S3                .055000  .000000000E+00  .000000000E+00  .000000000E+00
  .000000000E+00  .000000000E+00  .000000000E+00  .000000000E+00  .000000000E+00
-1.204978617E+01  .000000000E+00-6.911926852E+00 3.354000000E+01
-3.926990817E+00  .000000000E+00  .000000000E+00
SBENBD                  1.500000 7.853981634E-01 2.433000000E-02  .000000000E+00
  .000000000E+00 3.926990817E-01 3.926990817E-01  .000000000E+00  .000000000E+00
-1.069931170E+01  .000000000E+00-7.471311695E+00 3.504000000E+01
-4.712388980E+00  .000000000E+00  .000000000E+00
DRIFD19S3                .629000  .000000000E+00  .000000000E+00  .000000000E+00
  .000000000E+00  .000000000E+00  .000000000E+00  .000000000E+00  .000000000E+00
-1.007031170E+01  .000000000E+00-7.471311695E+00 3.566900000E+01
-4.712388980E+00  .000000000E+00  .000000000E+00
MONIPUE17                .000000  .000000000E+00  .000000000E+00  .000000000E+00
  .000000000E+00  .000000000E+00  .000000000E+00  .000000000E+00  .000000000E+00
-1.007031170E+01  .000000000E+00-7.471311695E+00 3.566900000E+01
-4.712388980E+00  .000000000E+00  .000000000E+00
DRIFD20S3                .021000  .000000000E+00  .000000000E+00  .000000000E+00
  .000000000E+00  .000000000E+00  .000000000E+00  .000000000E+00  .000000000E+00
-1.004931170E+01  .000000000E+00-7.471311695E+00 3.569000000E+01
-4.712388980E+00  .000000000E+00  .000000000E+00
QUADQ6                   .300000  .000000000E+00-1.603068000E+00  .000000000E+00
  .000000000E+00  .000000000E+00  .000000000E+00  .000000000E+00  .000000000E+00
-9.749311695E+00  .000000000E+00-7.471311695E+00 3.599000000E+01
-4.712388980E+00  .000000000E+00  .000000000E+00
DRIFD21S3                .050000  .000000000E+00  .000000000E+00  .000000000E+00
  .000000000E+00  .000000000E+00  .000000000E+00  .000000000E+00  .000000000E+00
-9.699311695E+00  .000000000E+00-7.471311695E+00 3.604000000E+01
-4.712388980E+00  .000000000E+00  .000000000E+00
KICKU3C12                .250000  .000000000E+00  .000000000E+00  .000000000E+00
  .000000000E+00  .000000000E+00  .000000000E+00  .000000000E+00  .000000000E+00
-9.449311695E+00  .000000000E+00-7.471311695E+00 3.629000000E+01
-4.712388980E+00  .000000000E+00  .000000000E+00
DRIFD22S3                .050000  .000000000E+00  .000000000E+00  .000000000E+00
  .000000000E+00  .000000000E+00  .000000000E+00  .000000000E+00  .000000000E+00
-9.399311695E+00  .000000000E+00-7.471311695E+00 3.634000000E+01
-4.712388980E+00  .000000000E+00  .000000000E+00
QUADQ7                   .300000  .000000000E+00 2.050270000E+00  .000000000E+00
  .000000000E+00  .000000000E+00  .000000000E+00  .000000000E+00  .000000000E+00
-9.099311695E+00  .000000000E+00-7.471311695E+00 3.664000000E+01
-4.712388980E+00  .000000000E+00  .000000000E+00
DRIFD23S3                .053000  .000000000E+00  .000000000E+00  .000000000E+00
  .000000000E+00  .000000000E+00  .000000000E+00  .000000000E+00  .000000000E+00
-9.046311695E+00  .000000000E+00-7.471311695E+00 3.669300000E+01
-4.712388980E+00  .000000000E+00  .000000000E+00
MONIPUE18                .000000  .000000000E+00  .000000000E+00  .000000000E+00
  .000000000E+00  .000000000E+00  .000000000E+00  .000000000E+00  .000000000E+00
-9.046311695E+00  .000000000E+00-7.471311695E+00 3.669300000E+01
-4.712388980E+00  .000000000E+00  .000000000E+00
DRIFD24S3                .500000  .000000000E+00  .000000000E+00  .000000000E+00
  .000000000E+00  .000000000E+00  .000000000E+00  .000000000E+00  .000000000E+00
-8.546311695E+00  .000000000E+00-7.471311695E+00 3.719300000E+01
-4.712388980E+00  .000000000E+00  .000000000E+00
DRIFD25S3               1.075000  .000000000E+00  .000000000E+00  .000000000E+00
  .000000000E+00  .000000000E+00  .000000000E+00  .000000000E+00  .000000000E+00
-7.471311695E+00  .000000000E+00-7.471311695E+00 3.826800000E+01
-4.712388980E+00  .000000000E+00  .000000000E+00
DRIFD1S4                1.075000  .000000000E+00  .000000000E+00  .000000000E+00
  .000000000E+00  .000000000E+00  .000000000E+00  .000000000E+00  .000000000E+00
-6.396311695E+00  .000000000E+00-7.471311695E+00 3.934300000E+01
-4.712388980E+00  .000000000E+00  .000000000E+00
DRIFD2S4                 .502000  .000000000E+00  .000000000E+00  .000000000E+00
  .000000000E+00  .000000000E+00  .000000000E+00  .000000000E+00  .000000000E+00
-5.894311695E+00  .000000000E+00-7.471311695E+00 3.984500000E+01
-4.712388980E+00  .000000000E+00  .000000000E+00
MONIPUE19                .000000  .000000000E+00  .000000000E+00  .000000000E+00
  .000000000E+00  .000000000E+00  .000000000E+00  .000000000E+00  .000000000E+00
-5.894311695E+00  .000000000E+00-7.471311695E+00 3.984500000E+01
-4.712388980E+00  .000000000E+00  .000000000E+00
DRIFD3S4                 .051000  .000000000E+00  .000000000E+00  .000000000E+00
  .000000000E+00  .000000000E+00  .000000000E+00  .000000000E+00  .000000000E+00
-5.843311695E+00  .000000000E+00-7.471311695E+00 3.989600000E+01
-4.712388980E+00  .000000000E+00  .000000000E+00
QUADQ7B                  .300000  .000000000E+00 2.050270000E+00  .000000000E+00
  .000000000E+00  .000000000E+00  .000000000E+00  .000000000E+00  .000000000E+00
-5.543311695E+00  .000000000E+00-7.471311695E+00 4.019600000E+01
-4.712388980E+00  .000000000E+00  .000000000E+00
DRIFD4S4                 .050000  .000000000E+00  .000000000E+00  .000000000E+00
  .000000000E+00  .000000000E+00  .000000000E+00  .000000000E+00  .000000000E+00
-5.493311695E+00  .000000000E+00-7.471311695E+00 4.024600000E+01
-4.712388980E+00  .000000000E+00  .000000000E+00
KICKU4C13                .250000  .000000000E+00  .000000000E+00  .000000000E+00
  .000000000E+00  .000000000E+00  .000000000E+00  .000000000E+00  .000000000E+00
-5.243311695E+00  .000000000E+00-7.471311695E+00 4.049600000E+01
-4.712388980E+00  .000000000E+00  .000000000E+00
DRIFD5S4                 .050000  .000000000E+00  .000000000E+00  .000000000E+00
  .000000000E+00  .000000000E+00  .000000000E+00  .000000000E+00  .000000000E+00
-5.193311695E+00  .000000000E+00-7.471311695E+00 4.054600000E+01
-4.712388980E+00  .000000000E+00  .000000000E+00
QUADQ6B                  .300000  .000000000E+00-1.603068000E+00  .000000000E+00
  .000000000E+00  .000000000E+00  .000000000E+00  .000000000E+00  .000000000E+00
-4.893311695E+00  .000000000E+00-7.471311695E+00 4.084600000E+01
-4.712388980E+00  .000000000E+00  .000000000E+00
DRIFD6S4                 .021000  .000000000E+00  .000000000E+00  .000000000E+00
  .000000000E+00  .000000000E+00  .000000000E+00  .000000000E+00  .000000000E+00
-4.872311695E+00  .000000000E+00-7.471311695E+00 4.086700000E+01
-4.712388980E+00  .000000000E+00  .000000000E+00
MONIPUE20                .000000  .000000000E+00  .000000000E+00  .000000000E+00
  .000000000E+00  .000000000E+00  .000000000E+00  .000000000E+00  .000000000E+00
-4.872311695E+00  .000000000E+00-7.471311695E+00 4.086700000E+01
-4.712388980E+00  .000000000E+00  .000000000E+00
DRIFD7S4                 .629000  .000000000E+00  .000000000E+00  .000000000E+00
  .000000000E+00  .000000000E+00  .000000000E+00  .000000000E+00  .000000000E+00
-4.243311695E+00  .000000000E+00-7.471311695E+00 4.149600000E+01
-4.712388980E+00  .000000000E+00  .000000000E+00
SBENBD                  1.500000 7.853981634E-01 2.433000000E-02  .000000000E+00
  .000000000E+00 3.926990817E-01 3.926990817E-01  .000000000E+00  .000000000E+00
-2.892837221E+00  .000000000E+00-6.911926852E+00 4.299600000E+01
-5.497787144E+00  .000000000E+00  .000000000E+00
DRIFD8S4                 .055000  .000000000E+00  .000000000E+00  .000000000E+00
  .000000000E+00  .000000000E+00  .000000000E+00  .000000000E+00  .000000000E+00
-2.853946348E+00  .000000000E+00-6.873035979E+00 4.305100000E+01
-5.497787144E+00  .000000000E+00  .000000000E+00
KICKU4C14                .200000  .000000000E+00  .000000000E+00  .000000000E+00
  .000000000E+00  .000000000E+00  .000000000E+00  .000000000E+00  .000000000E+00
-2.712524992E+00  .000000000E+00-6.731614623E+00 4.325100000E+01
-5.497787144E+00  .000000000E+00  .000000000E+00
DRIFD9S4                 .055000  .000000000E+00  .000000000E+00  .000000000E+00
  .000000000E+00  .000000000E+00  .000000000E+00  .000000000E+00  .000000000E+00
-2.673634119E+00  .000000000E+00-6.692723750E+00 4.330600000E+01
-5.497787144E+00  .000000000E+00  .000000000E+00
QUADQSD7                 .200000  .000000000E+00  .000000000E+00  .000000000E+00
  .000000000E+00  .000000000E+00  .000000000E+00  .000000000E+00  .000000000E+00
-2.532212762E+00  .000000000E+00-6.551302394E+00 4.350600000E+01
-5.497787144E+00  .000000000E+00  .000000000E+00
DRIFD10S4                .037000  .000000000E+00  .000000000E+00  .000000000E+00
  .000000000E+00  .000000000E+00  .000000000E+00  .000000000E+00  .000000000E+00
-2.506049811E+00  .000000000E+00-6.525139443E+00 4.354300000E+01
-5.497787144E+00  .000000000E+00  .000000000E+00
DRIFD11S4                .418000  .000000000E+00  .000000000E+00  .000000000E+00
  .000000000E+00  .000000000E+00  .000000000E+00  .000000000E+00  .000000000E+00
-2.210479177E+00  .000000000E+00-6.229568808E+00 4.396100000E+01
-5.497787144E+00  .000000000E+00  .000000000E+00
MONIPUE21                .000000  .000000000E+00  .000000000E+00  .000000000E+00
  .000000000E+00  .000000000E+00  .000000000E+00  .000000000E+00  .000000000E+00
-2.210479177E+00  .000000000E+00-6.229568808E+00 4.396100000E+01
-5.497787144E+00  .000000000E+00  .000000000E+00
DRIFD12S4                .035000  .000000000E+00  .000000000E+00  .000000000E+00
  .000000000E+00  .000000000E+00  .000000000E+00  .000000000E+00  .000000000E+00
-2.185730440E+00  .000000000E+00-6.204820071E+00 4.399600000E+01
-5.497787144E+00  .000000000E+00  .000000000E+00
QUADQ3D                  .300000  .000000000E+00 1.815053500E+00  .000000000E+00
  .000000000E+00  .000000000E+00  .000000000E+00  .000000000E+00  .000000000E+00
-1.973598405E+00  .000000000E+00-5.992688037E+00 4.429600000E+01
-5.497787144E+00  .000000000E+00  .000000000E+00
DRIFD13S4                .250000  .000000000E+00  .000000000E+00  .000000000E+00
  .000000000E+00  .000000000E+00  .000000000E+00  .000000000E+00  .000000000E+00
-1.796821710E+00  .000000000E+00-5.815911341E+00 4.454600000E+01
-5.497787144E+00  .000000000E+00  .000000000E+00
QUADQSF4                 .200000  .000000000E+00  .000000000E+00  .000000000E+00
  .000000000E+00  .000000000E+00  .000000000E+00  .000000000E+00  .000000000E+00
-1.655400354E+00  .000000000E+00-5.674489985E+00 4.474600000E+01
-5.497787144E+00  .000000000E+00  .000000000E+00
DRIFD14S4                .250000  .000000000E+00  .000000000E+00  .000000000E+00
  .000000000E+00  .000000000E+00  .000000000E+00  .000000000E+00  .000000000E+00
-1.478623658E+00  .000000000E+00-5.497713290E+00 4.499600000E+01
-5.497787144E+00  .000000000E+00  .000000000E+00
QUADQ3D                  .300000  .000000000E+00 1.815053500E+00  .000000000E+00
  .000000000E+00  .000000000E+00  .000000000E+00  .000000000E+00  .000000000E+00
-1.266491624E+00  .000000000E+00-5.285581255E+00 4.529600000E+01
-5.497787144E+00  .000000000E+00  .000000000E+00
DRIFD15S4                .457000  .000000000E+00  .000000000E+00  .000000000E+00
  .000000000E+00  .000000000E+00  .000000000E+00  .000000000E+00  .000000000E+00
-9.433438251E-01  .000000000E+00-4.962433456E+00 4.575300000E+01
-5.497787144E+00  .000000000E+00  .000000000E+00
MONIPUE22                .000000  .000000000E+00  .000000000E+00  .000000000E+00
  .000000000E+00  .000000000E+00  .000000000E+00  .000000000E+00  .000000000E+00
-9.433438251E-01  .000000000E+00-4.962433456E+00 4.575300000E+01
-5.497787144E+00  .000000000E+00  .000000000E+00
DRIFD16S4                .033000  .000000000E+00  .000000000E+00  .000000000E+00
  .000000000E+00  .000000000E+00  .000000000E+00  .000000000E+00  .000000000E+00
-9.200093013E-01  .000000000E+00-4.939098933E+00 4.578600000E+01
-5.497787144E+00  .000000000E+00  .000000000E+00
QUADQSD8                 .200000  .000000000E+00  .000000000E+00  .000000000E+00
  .000000000E+00  .000000000E+00  .000000000E+00  .000000000E+00  .000000000E+00
-7.785879450E-01  .000000000E+00-4.797677576E+00 4.598600000E+01
-5.497787144E+00  .000000000E+00  .000000000E+00
DRIFD17S4                .055000  .000000000E+00  .000000000E+00  .000000000E+00
  .000000000E+00  .000000000E+00  .000000000E+00  .000000000E+00  .000000000E+00
-7.396970721E-01  .000000000E+00-4.758786703E+00 4.604100000E+01
-5.497787144E+00  .000000000E+00  .000000000E+00
KICKU4C15                .200000  .000000000E+00  .000000000E+00  .000000000E+00
  .000000000E+00  .000000000E+00  .000000000E+00  .000000000E+00  .000000000E+00
-5.982757158E-01  .000000000E+00-4.617365347E+00 4.624100000E+01
-5.497787144E+00  .000000000E+00  .000000000E+00
DRIFD18S4                .055000  .000000000E+00  .000000000E+00  .000000000E+00
  .000000000E+00  .000000000E+00  .000000000E+00  .000000000E+00  .000000000E+00
-5.593848429E-01  .000000000E+00-4.578474474E+00 4.629600000E+01
-5.497787144E+00  .000000000E+00  .000000000E+00
SBENBD                  1.500000 7.853981634E-01 2.433000000E-02  .000000000E+00
  .000000000E+00 3.926990817E-01 3.926990817E-01  .000000000E+00  .000000000E+00
 7.549516567E-14  .000000000E+00-3.228000000E+00 4.779600000E+01
-6.283185307E+00  .000000000E+00  .000000000E+00
DRIFD19S4                .612000  .000000000E+00  .000000000E+00  .000000000E+00
  .000000000E+00  .000000000E+00  .000000000E+00  .000000000E+00  .000000000E+00
 6.126055219E-14  .000000000E+00-2.616000000E+00 4.840800000E+01
-6.283185307E+00  .000000000E+00  .000000000E+00
MONIPUE23                .000000  .000000000E+00  .000000000E+00  .000000000E+00
  .000000000E+00  .000000000E+00  .000000000E+00  .000000000E+00  .000000000E+00
 6.126055219E-14  .000000000E+00-2.616000000E+00 4.840800000E+01
-6.283185307E+00  .000000000E+00  .000000000E+00
DRIFD20S4                .038000  .000000000E+00  .000000000E+00  .000000000E+00
  .000000000E+00  .000000000E+00  .000000000E+00  .000000000E+00  .000000000E+00
 6.037670364E-14  .000000000E+00-2.578000000E+00 4.844600000E+01
-6.283185307E+00  .000000000E+00  .000000000E+00
QUADQ2D                  .300000  .000000000E+00-1.556670000E+00  .000000000E+00
  .000000000E+00  .000000000E+00  .000000000E+00  .000000000E+00  .000000000E+00
 5.339895193E-14  .000000000E+00-2.278000000E+00 4.874600000E+01
-6.283185307E+00  .000000000E+00  .000000000E+00
DRIFD21S4                .050000  .000000000E+00  .000000000E+00  .000000000E+00
  .000000000E+00  .000000000E+00  .000000000E+00  .000000000E+00  .000000000E+00
 5.223599331E-14  .000000000E+00-2.228000000E+00 4.879600000E+01
-6.283185307E+00  .000000000E+00  .000000000E+00
KICKU4C16                .250000  .000000000E+00  .000000000E+00  .000000000E+00
  .000000000E+00  .000000000E+00  .000000000E+00  .000000000E+00  .000000000E+00
 4.642120022E-14  .000000000E+00-1.978000000E+00 4.904600000E+01
-6.283185307E+00  .000000000E+00  .000000000E+00
DRIFD22S4                .050000  .000000000E+00  .000000000E+00  .000000000E+00
  .000000000E+00  .000000000E+00  .000000000E+00  .000000000E+00  .000000000E+00
 4.525824160E-14  .000000000E+00-1.928000000E+00 4.909600000E+01
-6.283185307E+00  .000000000E+00  .000000000E+00
QUADQ1D                  .300000  .000000000E+00 1.974046200E+00  .000000000E+00
  .000000000E+00  .000000000E+00  .000000000E+00  .000000000E+00  .000000000E+00
 3.828048989E-14  .000000000E+00-1.628000000E+00 4.939600000E+01
-6.283185307E+00  .000000000E+00  .000000000E+00
DRIFD23S4                .038000  .000000000E+00  .000000000E+00  .000000000E+00
  .000000000E+00  .000000000E+00  .000000000E+00  .000000000E+00  .000000000E+00
 3.739664134E-14  .000000000E+00-1.590000000E+00 4.943400000E+01
-6.283185307E+00  .000000000E+00  .000000000E+00
MONIPUE24                .000000  .000000000E+00  .000000000E+00  .000000000E+00
  .000000000E+00  .000000000E+00  .000000000E+00  .000000000E+00  .000000000E+00
 3.739664134E-14  .000000000E+00-1.590000000E+00 4.943400000E+01
-6.283185307E+00  .000000000E+00  .000000000E+00
DRIFD24S4                .515000  .000000000E+00  .000000000E+00  .000000000E+00
  .000000000E+00  .000000000E+00  .000000000E+00  .000000000E+00  .000000000E+00
 2.541816757E-14  .000000000E+00-1.075000000E+00 4.994900000E+01
-6.283185307E+00  .000000000E+00  .000000000E+00
DRIFD25S4               1.075000  .000000000E+00  .000000000E+00  .000000000E+00
  .000000000E+00  .000000000E+00  .000000000E+00  .000000000E+00  .000000000E+00
 4.145572774E-16  .000000000E+00 1.765254609E-13 5.102400000E+01
-6.283185307E+00  .000000000E+00  .000000000E+00
                                                
                                 5.102400000E+01
