             LOGTIME, 10S11_TOTAL_GV, DCCT, RF_FREQ, WG_10S11_PRES, WG_10S11, 10S11_BM_VLTG, WG_AMB
13-NOV-2001 00:10:00, 4.234673E-02, 6.920800E+01, 3.300100E+04, 3.996506E+00, 1.125460E+01, -3.564665E-01, 1.339486E+01
13-NOV-2001 00:10:02, 4.233220E-02, 6.920700E+01, 3.300100E+04, 4.005890E+00, 1.122143E+01, -3.640591E-01, 1.339302E+01
13-NOV-2001 00:10:05, 4.241576E-02, 6.921000E+01, 3.300100E+04, 3.996162E+00, 1.122143E+01, -3.716515E-01, 1.339767E+01
13-NOV-2001 00:10:07, 4.237580E-02, 6.920400E+01, 3.300200E+04, 3.996849E+00, 1.123802E+01, -3.753902E-01, 1.337835E+01
13-NOV-2001 00:10:10, 4.224137E-02, 6.921400E+01, 3.300100E+04, 4.011841E+00, 1.125460E+01, -3.640591E-01, 1.337651E+01
13-NOV-2001 00:10:12, 4.229587E-02, 6.921200E+01, 3.300100E+04, 4.010239E+00, 1.121887E+01, -3.514049E-01, 1.341100E+01
13-NOV-2001 00:10:15, 4.237216E-02, 6.920400E+01, 3.300200E+04, 3.998108E+00, 1.122143E+01, -3.602628E-01, 1.336184E+01
13-NOV-2001 00:10:17, 4.244664E-02, 6.920700E+01, 3.300200E+04, 3.983002E+00, 1.122143E+01, -3.716515E-01, 1.334349E+01
13-NOV-2001 00:10:20, 4.238669E-02, 6.919600E+01, 3.300200E+04, 3.986435E+00, 1.125204E+01, -3.779210E-01, 1.337835E+01
13-NOV-2001 00:10:22, 4.221594E-02, 6.919600E+01, 3.300200E+04, 4.014702E+00, 1.125460E+01, -3.653244E-01, 1.336000E+01
13-NOV-2001 00:10:25, 4.228134E-02, 6.919500E+01, 3.300200E+04, 4.009094E+00, 1.125460E+01, -3.753902E-01, 1.336184E+01
13-NOV-2001 00:10:27, 4.240122E-02, 6.919200E+01, 3.300100E+04, 3.995934E+00, 1.123802E+01, -3.766555E-01, 1.336184E+01
13-NOV-2001 00:10:30, 4.243211E-02, 6.918800E+01, 3.300100E+04, 3.985863E+00, 1.122143E+01, -3.842479E-01, 1.336184E+01
13-NOV-2001 00:10:32, 4.234128E-02, 6.918800E+01, 3.300100E+04, 3.996162E+00, 1.123802E+01, -3.880442E-01, 1.332697E+01
13-NOV-2001 00:10:35, 4.240122E-02, 6.918400E+01, 3.300100E+04, 3.991814E+00, 1.125460E+01, -3.779210E-01, 1.336184E+01
13-NOV-2001 00:10:37, 4.224682E-02, 6.919200E+01, 3.300100E+04, 4.006805E+00, 1.126824E+01, -3.905751E-01, 1.331230E+01
13-NOV-2001 00:10:40, 4.227589E-02, 6.918900E+01, 3.300100E+04, 4.004059E+00, 1.123802E+01, -3.779210E-01, 1.329394E+01
13-NOV-2001 00:10:42, 4.237216E-02, 6.917799E+01, 3.300100E+04, 3.991814E+00, 1.122403E+01, -3.779210E-01, 1.332697E+01
13-NOV-2001 00:10:53, 4.230677E-02, 6.917799E+01, 3.300200E+04, 3.995590E+00, 1.125460E+01, -3.829826E-01, 1.329394E+01
13-NOV-2001 00:10:55, 4.222139E-02, 6.918000E+01, 3.300200E+04, 4.018478E+00, 1.125460E+01, -3.753902E-01, 1.331046E+01
13-NOV-2001 00:10:57, 4.232130E-02, 6.917300E+01, 3.300100E+04, 4.001198E+00, 1.125460E+01, -3.729168E-01, 1.330762E+01
13-NOV-2001 00:11:00, 4.238125E-02, 6.917900E+01, 3.300100E+04, 3.988953E+00, 1.122143E+01, -3.817171E-01, 1.334065E+01
13-NOV-2001 00:11:02, 4.228678E-02, 6.916600E+01, 3.300200E+04, 4.001884E+00, 1.123802E+01, -3.817171E-01, 1.332881E+01
13-NOV-2001 00:11:05, 4.220141E-02, 6.916901E+01, 3.300200E+04, 4.025345E+00, 1.123802E+01, -3.791863E-01, 1.337651E+01
13-NOV-2001 00:11:07, 4.232130E-02, 6.916300E+01, 3.300200E+04, 4.007149E+00, 1.123802E+01, -3.753902E-01, 1.336000E+01
13-NOV-2001 00:11:10, 4.239578E-02, 6.916000E+01, 3.300200E+04, 4.004288E+00, 1.122143E+01, -3.703860E-01, 1.337651E+01
13-NOV-2001 00:11:12, 4.241212E-02, 6.916200E+01, 3.300200E+04, 3.981171E+00, 1.120485E+01, -3.791863E-01, 1.342567E+01
13-NOV-2001 00:11:15, 4.228678E-02, 6.916200E+01, 3.300200E+04, 4.004059E+00, 1.125460E+01, -3.867787E-01, 1.340916E+01
13-NOV-2001 00:11:17, 4.200886E-02, 6.916700E+01, 3.300200E+04, 4.046288E+00, 1.124061E+01, -3.512324E-01, 1.342567E+01
13-NOV-2001 00:11:20, 4.182902E-02, 6.916300E+01, 3.300200E+04, 4.060135E+00, 1.127081E+01, -3.840755E-01, 1.345585E+01
13-NOV-2001 00:11:22, 4.157471E-02, 6.916300E+01, 3.300100E+04, 4.095497E+00, 1.125460E+01, -3.688906E-01, 1.345585E+01
13-NOV-2001 00:11:25, 4.144937E-02, 6.915900E+01, 3.300100E+04, 4.112091E+00, 1.123802E+01, -3.739523E-01, 1.347520E+01
13-NOV-2001 00:11:27, 4.122049E-02, 6.915400E+01, 3.300200E+04, 4.147797E+00, 1.123802E+01, -3.701559E-01, 1.343934E+01
13-NOV-2001 00:11:30, 4.102430E-02, 6.915000E+01, 3.300200E+04, 4.170113E+00, 1.125460E+01, -3.688906E-01, 1.344218E+01
13-NOV-2001 00:11:32, 4.081086E-02, 6.915300E+01, 3.300200E+04, 4.198608E+00, 1.123802E+01, -3.600901E-01, 1.343934E+01
13-NOV-2001 00:11:35, 4.058107E-02, 6.914600E+01, 3.300100E+04, 4.223328E+00, 1.122403E+01, -3.726867E-01, 1.337651E+01
13-NOV-2001 00:11:37, 4.032222E-02, 6.915400E+01, 3.300200E+04, 4.262810E+00, 1.119086E+01, -3.815447E-01, 1.337651E+01
13-NOV-2001 00:11:40, 4.015237E-02, 6.914799E+01, 3.300200E+04, 4.275284E+00, 1.120744E+01, -3.651518E-01, 1.334533E+01
13-NOV-2001 00:11:42, 3.992258E-02, 6.915400E+01, 3.300200E+04, 4.306641E+00, 1.120744E+01, -3.562940E-01, 1.332697E+01
13-NOV-2001 00:11:45, 3.974275E-02, 6.914100E+01, 3.300200E+04, 4.327927E+00, 1.120744E+01, -3.638865E-01, 1.332697E+01
13-NOV-2001 00:11:47, 3.954838E-02, 6.914700E+01, 3.300100E+04, 4.355850E+00, 1.124061E+01, -3.600901E-01, 1.332697E+01
13-NOV-2001 00:11:50, 3.932858E-02, 6.914400E+01, 3.300100E+04, 4.380913E+00, 1.119086E+01, -3.688906E-01, 1.327743E+01
13-NOV-2001 00:11:52, 3.907881E-02, 6.913900E+01, 3.300200E+04, 4.397507E+00, 1.120744E+01, -3.726867E-01, 1.327743E+01
13-NOV-2001 00:11:55, 3.894439E-02, 6.914000E+01, 3.300100E+04, 4.426575E+00, 1.119086E+01, -3.739523E-01, 1.329578E+01
13-NOV-2001 00:11:57, 3.866464E-02, 6.914000E+01, 3.300100E+04, 4.462624E+00, 1.122403E+01, -3.664173E-01, 1.329394E+01
13-NOV-2001 00:12:00, 3.849026E-02, 6.914200E+01, 3.300200E+04, 4.481735E+00, 1.120744E+01, -3.726867E-01, 1.326313E+01
13-NOV-2001 00:12:02, 3.826592E-02, 6.913200E+01, 3.300200E+04, 4.507484E+00, 1.122574E+01, -3.726867E-01, 1.324477E+01
13-NOV-2001 00:12:05, 3.808608E-02, 6.913700E+01, 3.300100E+04, 4.523392E+00, 1.117168E+01, -3.815447E-01, 1.324477E+01
13-NOV-2001 00:12:07, 3.781633E-02, 6.913400E+01, 3.300200E+04, 4.557610E+00, 1.124061E+01, -3.676251E-01, 1.326313E+01
13-NOV-2001 00:12:10, 3.762650E-02, 6.913300E+01, 3.300200E+04, 4.570427E+00, 1.119086E+01, -3.664173E-01, 1.324942E+01
13-NOV-2001 00:12:12, 3.739217E-02, 6.912800E+01, 3.300200E+04, 4.598579E+00, 1.120744E+01, -3.638865E-01, 1.326313E+01
13-NOV-2001 00:12:15, 3.721778E-02, 6.913499E+01, 3.300200E+04, 4.627075E+00, 1.124061E+01, -3.688906E-01, 1.324661E+01
13-NOV-2001 00:12:17, 3.706792E-02, 6.913600E+01, 3.300100E+04, 4.642410E+00, 1.120744E+01, -3.739523E-01, 1.326313E+01
13-NOV-2001 00:12:20, 3.706792E-02, 6.912901E+01, 3.300100E+04, 4.642410E+00, 1.120744E+01, -3.739523E-01, 1.326313E+01
13-NOV-2001 00:12:22, 3.645848E-02, 6.912800E+01, 3.300100E+04, 4.693222E+00, 1.122403E+01, -3.764831E-01, 1.324477E+01
13-NOV-2001 00:12:25, 3.624958E-02, 6.913200E+01, 3.300200E+04, 4.715767E+00, 1.122403E+01, -3.651518E-01, 1.327927E+01
13-NOV-2001 00:12:27, 3.599981E-02, 6.911900E+01, 3.300200E+04, 4.732704E+00, 1.122403E+01, -3.726867E-01, 1.326313E+01
13-NOV-2001 00:12:30, 3.578455E-02, 6.911600E+01, 3.300200E+04, 4.760857E+00, 1.122574E+01, -4.093837E-01, 1.326129E+01
13-NOV-2001 00:12:32, 3.556021E-02, 6.911900E+01, 3.300100E+04, 4.785919E+00, 1.122403E+01, -3.714215E-01, 1.326313E+01
13-NOV-2001 00:12:35, 3.529590E-02, 6.911600E+01, 3.300100E+04, 4.797821E+00, 1.122403E+01, -3.688906E-01, 1.324477E+01
13-NOV-2001 00:12:37, 3.498165E-02, 6.911600E+01, 3.300200E+04, 4.821625E+00, 1.120916E+01, -3.764831E-01, 1.323009E+01
13-NOV-2001 00:12:40, 3.486176E-02, 6.911600E+01, 3.300200E+04, 4.840393E+00, 1.119258E+01, -3.688906E-01, 1.326129E+01
13-NOV-2001 00:12:42, 3.448755E-02, 6.911600E+01, 3.300100E+04, 4.862938E+00, 1.124061E+01, -3.802792E-01, 1.324661E+01
13-NOV-2001 00:12:45, 3.432225E-02, 6.911200E+01, 3.300100E+04, 4.881821E+00, 1.120916E+01, -3.777484E-01, 1.326313E+01
13-NOV-2001 00:12:47, 3.403797E-02, 6.910500E+01, 3.300200E+04, 4.913750E+00, 1.122574E+01, -3.651518E-01, 1.326313E+01
13-NOV-2001 00:12:50, 3.381817E-02, 6.911000E+01, 3.300200E+04, 4.927483E+00, 1.120744E+01, -3.688906E-01, 1.324661E+01
13-NOV-2001 00:12:52, 3.349392E-02, 6.910000E+01, 3.300200E+04, 4.946938E+00, 1.122403E+01, -3.588248E-01, 1.327927E+01
13-NOV-2001 00:12:55, 3.333406E-02, 6.910700E+01, 3.300100E+04, 4.976349E+00, 1.120916E+01, -3.524978E-01, 1.324477E+01
13-NOV-2001 00:12:57, 3.305977E-02, 6.910300E+01, 3.300100E+04, 4.990768E+00, 1.120744E+01, -3.588248E-01, 1.323009E+01
13-NOV-2001 00:13:00, 3.279546E-02, 6.910500E+01, 3.300100E+04, 5.015831E+00, 1.122403E+01, -3.638865E-01, 1.324661E+01
13-NOV-2001 00:13:02, 3.253570E-02, 6.910200E+01, 3.300100E+04, 5.039063E+00, 1.122574E+01, -3.764831E-01, 1.324661E+01
13-NOV-2001 00:13:05, 3.217876E-02, 6.909700E+01, 3.300100E+04, 5.056000E+00, 1.122403E+01, -3.777484E-01, 1.324661E+01
13-NOV-2001 00:13:07, 3.190719E-02, 6.910100E+01, 3.300200E+04, 5.076599E+00, 1.122403E+01, -3.651518E-01, 1.324661E+01
13-NOV-2001 00:13:10, 3.166468E-02, 6.909000E+01, 3.300200E+04, 5.099831E+00, 1.120916E+01, -3.701559E-01, 1.319522E+01
13-NOV-2001 00:13:12, 3.134043E-02, 6.909100E+01, 3.300100E+04, 5.126724E+00, 1.119086E+01, -3.664173E-01, 1.319522E+01
13-NOV-2001 00:13:15, 3.119602E-02, 6.908800E+01, 3.300100E+04, 5.141144E+00, 1.122403E+01, -3.651518E-01, 1.319522E+01
13-NOV-2001 00:13:17, 3.087631E-02, 6.909200E+01, 3.300100E+04, 5.165634E+00, 1.122574E+01, -3.195972E-01, 1.317870E+01
13-NOV-2001 00:13:20, 3.059475E-02, 6.908700E+01, 3.300200E+04, 5.180511E+00, 1.122574E+01, -3.562940E-01, 1.319522E+01
13-NOV-2001 00:13:22, 3.024961E-02, 6.909800E+01, 3.300100E+04, 5.203171E+00, 1.124233E+01, -3.664173E-01, 1.317870E+01
13-NOV-2001 00:13:25, 3.000801E-02, 6.909200E+01, 3.300100E+04, 5.226288E+00, 1.122574E+01, -3.688906E-01, 1.318054E+01
13-NOV-2001 00:13:27, 2.966106E-02, 6.908000E+01, 3.300200E+04, 5.242081E+00, 1.122574E+01, -3.664173E-01, 1.314566E+01
13-NOV-2001 00:13:30, 2.946669E-02, 6.908500E+01, 3.300200E+04, 5.263367E+00, 1.122403E+01, -3.701559E-01, 1.317870E+01
13-NOV-2001 00:13:32, 2.911429E-02, 6.907600E+01, 3.300100E+04, 5.285797E+00, 1.122574E+01, -3.701559E-01, 1.316402E+01
13-NOV-2001 00:13:35, 2.885271E-02, 6.908000E+01, 3.300100E+04, 5.300217E+00, 1.123689E+01, -3.638865E-01, 1.317289E+01
13-NOV-2001 00:13:37, 2.849576E-02, 6.907400E+01, 3.300200E+04, 5.327225E+00, 1.122030E+01, -3.638865E-01, 1.318941E+01
13-NOV-2001 00:13:40, 2.824599E-02, 6.908100E+01, 3.300100E+04, 5.342102E+00, 1.121774E+01, -3.575594E-01, 1.318941E+01
13-NOV-2001 00:13:42, 2.790176E-02, 6.907700E+01, 3.300100E+04, 5.364075E+00, 1.121774E+01, -3.588248E-01, 1.318941E+01
13-NOV-2001 00:13:45, 2.768741E-02, 6.907700E+01, 3.300200E+04, 5.381012E+00, 1.121774E+01, -3.764831E-01, 1.319222E+01
13-NOV-2001 00:13:47, 2.726325E-02, 6.907300E+01, 3.300200E+04, 5.400467E+00, 1.120372E+01, -3.688906E-01, 1.324177E+01
13-NOV-2001 00:13:50, 2.695626E-02, 6.907400E+01, 3.300200E+04, 5.420609E+00, 1.123689E+01, -3.739523E-01, 1.320874E+01
13-NOV-2001 00:13:52, 2.658387E-02, 6.906700E+01, 3.300100E+04, 5.440063E+00, 1.121774E+01, -3.664173E-01, 1.317570E+01
13-NOV-2001 00:13:55, 2.638224E-02, 6.907200E+01, 3.300100E+04, 5.456314E+00, 1.125091E+01, -3.487016E-01, 1.318941E+01
13-NOV-2001 00:13:57, 2.599986E-02, 6.906700E+01, 3.300200E+04, 5.476227E+00, 1.122030E+01, -3.562940E-01, 1.318941E+01
13-NOV-2001 00:14:00, 2.579823E-02, 6.907200E+01, 3.300200E+04, 5.500031E+00, 1.122030E+01, -3.550286E-01, 1.315675E+01
13-NOV-2001 00:14:02, 2.540858E-02, 6.907300E+01, 3.300100E+04, 5.522690E+00, 1.125347E+01, -3.664173E-01, 1.317008E+01
13-NOV-2001 00:14:05, 2.497716E-02, 6.907100E+01, 3.300200E+04, 5.535736E+00, 1.123689E+01, -3.714215E-01, 1.317289E+01
13-NOV-2001 00:14:07, 2.455300E-02, 6.907200E+01, 3.300200E+04, 5.564117E+00, 1.123689E+01, -3.752176E-01, 1.318941E+01
13-NOV-2001 00:14:10, 2.434047E-02, 6.906800E+01, 3.300200E+04, 5.586548E+00, 1.123689E+01, -3.739523E-01, 1.317289E+01
13-NOV-2001 00:14:12, 2.394628E-02, 6.905800E+01, 3.300200E+04, 5.605316E+00, 1.123689E+01, -3.676251E-01, 1.315956E+01
13-NOV-2001 00:14:15, 2.372649E-02, 6.906300E+01, 3.300200E+04, 5.621567E+00, 1.122030E+01, -3.714215E-01, 1.318941E+01
13-NOV-2001 00:14:17, 2.334502E-02, 6.905600E+01, 3.300200E+04, 5.646744E+00, 1.120372E+01, -3.764831E-01, 1.317289E+01
13-NOV-2001 00:14:20, 2.291359E-02, 6.906100E+01, 3.300200E+04, 5.662994E+00, 1.122030E+01, -3.588248E-01, 1.315675E+01
13-NOV-2001 00:14:22, 2.252122E-02, 6.906100E+01, 3.300200E+04, 5.683136E+00, 1.122030E+01, -3.613557E-01, 1.315394E+01
13-NOV-2001 00:14:25, 2.230960E-02, 6.905300E+01, 3.300200E+04, 5.697556E+00, 1.123689E+01, -3.626209E-01, 1.317289E+01
13-NOV-2001 00:14:27, 2.185729E-02, 6.905300E+01, 3.300200E+04, 5.719986E+00, 1.120372E+01, -3.524978E-01, 1.317289E+01
13-NOV-2001 00:14:30, 2.162023E-02, 6.905901E+01, 3.300200E+04, 5.740585E+00, 1.123689E+01, -3.664173E-01, 1.315956E+01
13-NOV-2001 00:14:32, 2.127146E-02, 6.905000E+01, 3.300100E+04, 5.750656E+00, 1.122030E+01, -3.626209E-01, 1.315675E+01
13-NOV-2001 00:14:35, 2.090452E-02, 6.904601E+01, 3.300100E+04, 5.776978E+00, 1.123689E+01, -3.676251E-01, 1.314023E+01
13-NOV-2001 00:14:37, 2.043313E-02, 6.904900E+01, 3.300100E+04, 5.790710E+00, 1.120372E+01, -3.613557E-01, 1.314023E+01
13-NOV-2001 00:14:40, 2.029553E-02, 6.904100E+01, 3.300200E+04, 5.811539E+00, 1.122030E+01, -3.613557E-01, 1.314023E+01
13-NOV-2001 00:14:42, 1.988636E-02, 6.904601E+01, 3.300200E+04, 5.834656E+00, 1.120372E+01, -3.575594E-01, 1.313742E+01
13-NOV-2001 00:14:45, 1.970425E-02, 6.905200E+01, 3.300200E+04, 5.858459E+00, 1.122030E+01, -3.941988E-01, 1.312371E+01
13-NOV-2001 00:14:47, 1.930008E-02, 6.904300E+01, 3.300100E+04, 5.866699E+00, 1.123689E+01, -3.651518E-01, 1.312371E+01
13-NOV-2001 00:14:50, 1.898310E-02, 6.905000E+01, 3.300100E+04, 5.895996E+00, 1.125347E+01, -3.626209E-01, 1.310719E+01
13-NOV-2001 00:14:52, 1.861888E-02, 6.903799E+01, 3.300200E+04, 5.900345E+00, 1.123689E+01, -3.537632E-01, 1.312371E+01
13-NOV-2001 00:14:55, 1.842406E-02, 6.903900E+01, 3.300200E+04, 5.928040E+00, 1.122030E+01, -3.512324E-01, 1.314023E+01
13-NOV-2001 00:14:57, 1.815204E-02, 6.903100E+01, 3.300200E+04, 5.948639E+00, 1.122030E+01, -3.487016E-01, 1.310719E+01
13-NOV-2001 00:15:00, 1.793723E-02, 6.903000E+01, 3.300200E+04, 5.964890E+00, 1.122030E+01, -3.613557E-01, 1.312371E+01
13-NOV-2001 00:15:02, 1.765295E-02, 6.903700E+01, 3.300200E+04, 5.979309E+00, 1.123689E+01, -3.613557E-01, 1.313742E+01
13-NOV-2001 00:15:05, 1.734369E-02, 6.902900E+01, 3.300200E+04, 6.007690E+00, 1.122030E+01, -3.600901E-01, 1.312371E+01
13-NOV-2001 00:15:07, 1.708665E-02, 6.903700E+01, 3.300200E+04, 6.021423E+00, 1.121774E+01, -3.764831E-01, 1.314023E+01
13-NOV-2001 00:15:10, 1.692906E-02, 6.902700E+01, 3.300200E+04, 6.045685E+00, 1.122030E+01, -3.638865E-01, 1.314023E+01
13-NOV-2001 00:15:12, 1.669973E-02, 6.903400E+01, 3.300200E+04, 6.065826E+00, 1.122030E+01, -3.688906E-01, 1.312090E+01
13-NOV-2001 00:15:15, 1.657484E-02, 6.902800E+01, 3.300200E+04, 6.081619E+00, 1.125347E+01, -3.664173E-01, 1.315675E+01
13-NOV-2001 00:15:17, 1.639909E-02, 6.902200E+01, 3.300200E+04, 6.103363E+00, 1.125347E+01, -3.235660E-01, 1.317289E+01
13-NOV-2001 00:15:20, 1.623697E-02, 6.901900E+01, 3.300200E+04, 6.121674E+00, 1.123689E+01, -3.577319E-01, 1.313742E+01
13-NOV-2001 00:15:22, 1.612071E-02, 6.902200E+01, 3.300200E+04, 6.142960E+00, 1.123689E+01, -3.564665E-01, 1.314023E+01
13-NOV-2001 00:15:25, 1.606485E-02, 6.901600E+01, 3.300200E+04, 6.159897E+00, 1.122030E+01, -3.753902E-01, 1.312371E+01
13-NOV-2001 00:15:27, 1.599855E-02, 6.902200E+01, 3.300200E+04, 6.180496E+00, 1.123689E+01, -3.564665E-01, 1.317008E+01
13-NOV-2001 00:15:30, 1.597857E-02, 6.901700E+01, 3.300100E+04, 6.196060E+00, 1.125347E+01, -3.640591E-01, 1.313742E+01
13-NOV-2001 00:15:32, 1.598720E-02, 6.901600E+01, 3.300100E+04, 6.216888E+00, 1.123689E+01, -3.526703E-01, 1.315675E+01
13-NOV-2001 00:15:35, 1.602126E-02, 6.901400E+01, 3.300200E+04, 6.233826E+00, 1.125719E+01, -3.653244E-01, 1.315934E+01
13-NOV-2001 00:15:37, 1.613842E-02, 6.901000E+01, 3.300200E+04, 6.253281E+00, 1.122403E+01, -3.640591E-01, 1.315934E+01
13-NOV-2001 00:15:40, 1.623197E-02, 6.901300E+01, 3.300200E+04, 6.277542E+00, 1.122403E+01, -3.577319E-01, 1.315656E+01
13-NOV-2001 00:15:42, 1.639410E-02, 6.900400E+01, 3.300100E+04, 6.293793E+00, 1.125719E+01, -3.552011E-01, 1.314282E+01
13-NOV-2001 00:15:45, 1.653125E-02, 6.901100E+01, 3.300100E+04, 6.313248E+00, 1.125891E+01, -3.741246E-01, 1.317308E+01
13-NOV-2001 00:15:47, 1.681826E-02, 6.900200E+01, 3.300100E+04, 6.330185E+00, 1.125719E+01, -3.766555E-01, 1.317586E+01
13-NOV-2001 00:15:50, 1.708665E-02, 6.900800E+01, 3.300100E+04, 6.349640E+00, 1.124061E+01, -3.627936E-01, 1.317308E+01
13-NOV-2001 00:15:52, 1.761208E-02, 6.900500E+01, 3.300100E+04, 6.358337E+00, 1.122403E+01, -3.602628E-01, 1.314282E+01
13-NOV-2001 00:15:55, 1.790408E-02, 6.900700E+01, 3.300200E+04, 6.385345E+00, 1.125719E+01, -3.640591E-01, 1.317308E+01
13-NOV-2001 00:15:57, 1.854032E-02, 6.900200E+01, 3.300200E+04, 6.405945E+00, 1.125891E+01, -3.678552E-01, 1.315656E+01
13-NOV-2001 00:16:00, 1.901715E-02, 6.899700E+01, 3.300100E+04, 6.426773E+00, 1.127340E+01, -3.716515E-01, 1.314004E+01
13-NOV-2001 00:16:02, 1.995539E-02, 6.899400E+01, 3.300100E+04, 6.443710E+00, 1.124061E+01, -3.753902E-01, 1.318960E+01
13-NOV-2001 00:16:05, 2.044948E-02, 6.899799E+01, 3.300100E+04, 6.464996E+00, 1.127340E+01, -3.716515E-01, 1.318960E+01
13-NOV-2001 00:16:07, 2.174739E-02, 6.899500E+01, 3.300100E+04, 6.483078E+00, 1.125891E+01, -3.880442E-01, 1.315934E+01
13-NOV-2001 00:16:10, 2.206709E-02, 6.899300E+01, 3.300100E+04, 6.507568E+00, 1.125891E+01, -3.703860E-01, 1.318960E+01
13-NOV-2001 00:16:12, 2.365382E-02, 6.899500E+01, 3.300200E+04, 6.527023E+00, 1.127340E+01, -3.893095E-01, 1.318960E+01
13-NOV-2001 00:16:15, 2.410341E-02, 6.899400E+01, 3.300200E+04, 6.551285E+00, 1.127340E+01, -3.918403E-01, 1.317586E+01
13-NOV-2001 00:16:17, 2.569014E-02, 6.898800E+01, 3.300100E+04, 6.557693E+00, 1.125891E+01, -3.893095E-01, 1.319238E+01
13-NOV-2001 00:16:20, 2.674645E-02, 6.899100E+01, 3.300200E+04, 6.581497E+00, 1.125891E+01, -3.855134E-01, 1.320612E+01
13-NOV-2001 00:16:22, 2.912246E-02, 6.898200E+01, 3.300200E+04, 6.603928E+00, 1.124061E+01, -3.716515E-01, 1.320890E+01
13-NOV-2001 00:16:25, 3.032045E-02, 6.897900E+01, 3.300200E+04, 6.621552E+00, 1.128998E+01, -3.703860E-01, 1.317308E+01
13-NOV-2001 00:16:27, 3.256658E-02, 6.897800E+01, 3.300200E+04, 6.651535E+00, 1.127340E+01, -3.640591E-01, 1.318960E+01
13-NOV-2001 00:16:30, 3.427593E-02, 6.897800E+01, 3.300200E+04, 6.669159E+00, 1.127511E+01, -3.678552E-01, 1.315656E+01
13-NOV-2001 00:16:32, 3.660925E-02, 6.898500E+01, 3.300100E+04, 6.694794E+00, 1.127340E+01, -3.729168E-01, 1.317308E+01
13-NOV-2001 00:16:35, 3.820416E-02, 6.898200E+01, 3.300100E+04, 6.709213E+00, 1.128998E+01, -3.753902E-01, 1.317308E+01
13-NOV-2001 00:16:37, 4.174183E-02, 6.897700E+01, 3.300100E+04, 6.726837E+00, 1.127511E+01, -3.753902E-01, 1.314004E+01
13-NOV-2001 00:16:40, 4.368914E-02, 6.897900E+01, 3.300100E+04, 6.746979E+00, 1.127340E+01, -3.741246E-01, 1.315656E+01
13-NOV-2001 00:16:42, 4.732218E-02, 6.897900E+01, 3.300200E+04, 6.771240E+00, 1.127340E+01, -3.741246E-01, 1.314004E+01
13-NOV-2001 00:16:45, 4.876631E-02, 6.897100E+01, 3.300100E+04, 6.787491E+00, 1.130827E+01, -3.729168E-01, 1.314004E+01
13-NOV-2001 00:16:47, 5.275903E-02, 6.897300E+01, 3.300100E+04, 6.815186E+00, 1.125719E+01, -3.615283E-01, 1.314004E+01
13-NOV-2001 00:16:50, 5.585801E-02, 6.896700E+01, 3.300200E+04, 6.832123E+00, 1.127340E+01, -3.577319E-01, 1.313817E+01
13-NOV-2001 00:16:52, 6.097878E-02, 6.897100E+01, 3.300200E+04, 6.845169E+00, 1.132485E+01, -3.615283E-01, 1.315656E+01
13-NOV-2001 00:16:55, 6.345470E-02, 6.896500E+01, 3.300200E+04, 6.877213E+00, 1.132485E+01, -3.653244E-01, 1.310738E+01
13-NOV-2001 00:16:57, 6.794696E-02, 6.897300E+01, 3.300200E+04, 6.895981E+00, 1.128998E+01, -3.564665E-01, 1.314004E+01
13-NOV-2001 00:17:00, 7.167628E-02, 6.896500E+01, 3.300200E+04, 6.923447E+00, 1.132485E+01, -3.691207E-01, 1.314004E+01
13-NOV-2001 00:17:02, 7.900412E-02, 6.897000E+01, 3.300100E+04, 6.946793E+00, 1.132485E+01, -3.640591E-01, 1.313817E+01
13-NOV-2001 00:17:05, 8.388329E-02, 6.895700E+01, 3.300100E+04, 6.962357E+00, 1.132314E+01, -3.640591E-01, 1.314004E+01
13-NOV-2001 00:17:07, 9.195228E-02, 6.895900E+01, 3.300200E+04, 6.992569E+00, 1.129169E+01, -3.653244E-01, 1.314004E+01
13-NOV-2001 00:17:10, 9.647178E-02, 6.895800E+01, 3.300100E+04, 7.013855E+00, 1.132314E+01, -3.627936E-01, 1.315656E+01
13-NOV-2001 00:17:12, 1.050894E-01, 6.895600E+01, 3.300100E+04, 7.038803E+00, 1.132485E+01, -3.653244E-01, 1.314004E+01
13-NOV-2001 00:17:15, 1.103391E-01, 6.895200E+01, 3.300200E+04, 7.059402E+00, 1.132485E+01, -3.615283E-01, 1.309086E+01
13-NOV-2001 00:17:17, 1.203409E-01, 6.894800E+01, 3.300200E+04, 7.080231E+00, 1.132485E+01, -3.246589E-01, 1.312352E+01
13-NOV-2001 00:17:20, 1.299648E-01, 6.895600E+01, 3.300200E+04, 7.116623E+00, 1.134143E+01, -3.550286E-01, 1.312352E+01
13-NOV-2001 00:17:22, 1.430110E-01, 6.894400E+01, 3.300100E+04, 7.133331E+00, 1.137459E+01, -3.600901E-01, 1.315934E+01
13-NOV-2001 00:17:25, 1.517848E-01, 6.895000E+01, 3.300100E+04, 7.164688E+00, 1.135801E+01, -3.726867E-01, 1.312352E+01
13-NOV-2001 00:17:27, 1.657393E-01, 6.893900E+01, 3.300100E+04, 7.194214E+00, 1.137287E+01, -3.676251E-01, 1.312352E+01
13-NOV-2001 00:17:30, 1.753596E-01, 6.894800E+01, 3.300100E+04, 7.230606E+00, 1.138945E+01, -3.499670E-01, 1.315469E+01
13-NOV-2001 00:17:32, 1.904150E-01, 6.894400E+01, 3.300200E+04, 7.247543E+00, 1.139117E+01, -3.638865E-01, 1.315656E+01
13-NOV-2001 00:17:35, 2.029926E-01, 6.893800E+01, 3.300200E+04, 7.279358E+00, 1.135773E+01, -3.613557E-01, 1.314023E+01
13-NOV-2001 00:17:37, 2.172631E-01, 6.894200E+01, 3.300200E+04, 7.320099E+00, 1.137174E+01, -3.638865E-01, 1.315394E+01
13-NOV-2001 00:17:40, 2.258517E-01, 6.893700E+01, 3.300200E+04, 7.349625E+00, 1.139088E+01, -3.638865E-01, 1.312090E+01
13-NOV-2001 00:17:42, 2.369106E-01, 6.893300E+01, 3.300200E+04, 7.383499E+00, 1.139088E+01, -3.726867E-01, 1.314023E+01
13-NOV-2001 00:17:45, 2.417426E-01, 6.893300E+01, 3.300200E+04, 7.417831E+00, 1.142404E+01, -3.714215E-01, 1.313742E+01
13-NOV-2001 00:17:47, 2.459714E-01, 6.892799E+01, 3.300200E+04, 7.451019E+00, 1.144061E+01, -3.550286E-01, 1.312371E+01
13-NOV-2001 00:17:50, 2.464510E-01, 6.892100E+01, 3.300200E+04, 7.476196E+00, 1.144061E+01, -3.651518E-01, 1.317008E+01
13-NOV-2001 00:17:52, 2.440750E-01, 6.889900E+01, 3.300200E+04, 7.510071E+00, 1.145681E+01, -3.714215E-01, 1.312371E+01
13-NOV-2001 00:17:55, 2.409433E-01, 6.887700E+01, 3.300200E+04, 7.547607E+00, 1.147338E+01, -3.701559E-01, 1.318660E+01
13-NOV-2001 00:17:57, 2.358498E-01, 6.886600E+01, 3.300200E+04, 7.585831E+00, 1.148740E+01, -3.474362E-01, 1.317008E+01
13-NOV-2001 00:18:00, 2.321586E-01, 6.884000E+01, 3.300200E+04, 7.614670E+00, 1.147338E+01, -3.562940E-01, 1.318660E+01
13-NOV-2001 00:18:02, 2.259679E-01, 6.882700E+01, 3.300200E+04, 7.649689E+00, 1.150653E+01, -3.626209E-01, 1.317008E+01
13-NOV-2001 00:18:05, 2.201187E-01, 6.881200E+01, 3.300100E+04, 7.681046E+00, 1.150653E+01, -3.726867E-01, 1.317008E+01
13-NOV-2001 00:18:07, 2.141533E-01, 6.879800E+01, 3.300100E+04, 7.714233E+00, 1.152311E+01, -3.638865E-01, 1.317008E+01
13-NOV-2001 00:18:10, 2.105348E-01, 6.878100E+01, 3.300200E+04, 7.736664E+00, 1.148996E+01, -3.664173E-01, 1.320593E+01
13-NOV-2001 00:18:12, 2.055066E-01, 6.877100E+01, 3.300200E+04, 7.765503E+00, 1.150397E+01, -3.537632E-01, 1.318660E+01
13-NOV-2001 00:18:15, 2.027673E-01, 6.876300E+01, 3.300200E+04, 7.791367E+00, 1.152311E+01, -3.600901E-01, 1.320312E+01
13-NOV-2001 00:18:17, 1.974776E-01, 6.874799E+01, 3.300100E+04, 7.819519E+00, 1.150397E+01, -3.701559E-01, 1.320312E+01
13-NOV-2001 00:18:20, 1.940044E-01, 6.873700E+01, 3.300100E+04, 7.850876E+00, 1.152311E+01, -3.726867E-01, 1.318660E+01
13-NOV-2001 00:18:22, 1.899935E-01, 6.873700E+01, 3.300100E+04, 7.871475E+00, 1.153968E+01, -3.688906E-01, 1.317008E+01
13-NOV-2001 00:18:25, 1.872615E-01, 6.873300E+01, 3.300100E+04, 7.898483E+00, 1.153968E+01, -3.562940E-01, 1.322245E+01
13-NOV-2001 00:18:27, 1.838464E-01, 6.872800E+01, 3.300100E+04, 7.920914E+00, 1.157282E+01, -3.626209E-01, 1.318660E+01
13-NOV-2001 00:18:30, 1.813905E-01, 6.871000E+01, 3.300200E+04, 7.956619E+00, 1.153968E+01, -3.613557E-01, 1.318660E+01
13-NOV-2001 00:18:32, 1.773942E-01, 6.865100E+01, 3.300200E+04, 7.974930E+00, 1.157282E+01, -3.461708E-01, 1.321964E+01
13-NOV-2001 00:18:35, 1.565550E-01, 6.637000E+01, 3.300100E+04, 8.000565E+00, 1.160559E+01, -3.550286E-01, 1.323615E+01
13-NOV-2001 00:18:37, 1.343571E-01, 5.747100E+01, 3.300200E+04, 8.025513E+00, 1.158940E+01, -3.714215E-01, 1.321964E+01
13-NOV-2001 00:18:40, 1.297032E-01, 5.442200E+01, 3.300200E+04, 8.051376E+00, 1.155625E+01, -3.726867E-01, 1.321964E+01
13-NOV-2001 00:18:42, 1.212092E-01, 5.291200E+01, 3.300200E+04, 8.071289E+00, 1.160303E+01, -3.739523E-01, 1.326919E+01
13-NOV-2001 00:18:45, 1.180666E-01, 5.132800E+01, 3.300200E+04, 8.101501E+00, 1.158940E+01, -3.764831E-01, 1.325548E+01
13-NOV-2001 00:18:47, 1.135216E-01, 5.037900E+01, 3.300100E+04, 8.120728E+00, 1.157027E+01, -3.688906E-01, 1.323615E+01
13-NOV-2001 00:18:50, 1.103609E-01, 4.912000E+01, 3.300100E+04, 8.142242E+00, 1.162216E+01, -3.701559E-01, 1.321964E+01
13-NOV-2001 00:18:52, 1.073237E-01, 4.862000E+01, 3.300100E+04, 8.162842E+00, 1.158940E+01, -3.802792E-01, 1.321683E+01
13-NOV-2001 00:18:55, 1.054163E-01, 4.817700E+01, 3.300200E+04, 8.185959E+00, 1.160559E+01, -3.752176E-01, 1.318660E+01
13-NOV-2001 00:18:57, 1.029713E-01, 4.779800E+01, 3.300200E+04, 8.204727E+00, 1.158684E+01, -3.688906E-01, 1.315394E+01
13-NOV-2001 00:19:00, 1.021248E-01, 4.751900E+01, 3.300200E+04, 8.223495E+00, 1.158940E+01, -3.790139E-01, 1.315394E+01
13-NOV-2001 00:19:02, 1.003264E-01, 4.729000E+01, 3.300200E+04, 8.242950E+00, 1.160303E+01, -3.764831E-01, 1.315394E+01
13-NOV-2001 00:19:05, 9.909120E-02, 4.712800E+01, 3.300200E+04, 8.268127E+00, 1.161960E+01, -3.752176E-01, 1.317008E+01
13-NOV-2001 00:19:07, 9.777241E-02, 4.700300E+01, 3.300200E+04, 8.285065E+00, 1.163873E+01, -3.853408E-01, 1.320593E+01
13-NOV-2001 00:19:10, 9.709303E-02, 4.683700E+01, 3.300200E+04, 8.297424E+00, 1.160559E+01, -3.676251E-01, 1.320312E+01
13-NOV-2001 00:19:12, 9.620293E-02, 4.677900E+01, 3.300200E+04, 8.320770E+00, 1.162216E+01, -3.739523E-01, 1.323615E+01
13-NOV-2001 00:19:15, 9.546543E-02, 4.673600E+01, 3.300200E+04, 8.335190E+00, 1.163617E+01, -3.802792E-01, 1.320312E+01
13-NOV-2001 00:19:17, 9.457897E-02, 4.671300E+01, 3.300100E+04, 8.354416E+00, 1.162216E+01, -3.335167E-01, 1.321964E+01
13-NOV-2001 00:19:20, 9.385963E-02, 4.669600E+01, 3.300200E+04, 8.373871E+00, 1.163873E+01, -3.726867E-01, 1.321964E+01
13-NOV-2001 00:19:22, 9.303129E-02, 4.668200E+01, 3.300200E+04, 8.392181E+00, 1.165530E+01, -3.752176E-01, 1.321964E+01
13-NOV-2001 00:19:25, 9.260986E-02, 4.667800E+01, 3.300200E+04, 8.417130E+00, 1.163873E+01, -3.714215E-01, 1.321964E+01
13-NOV-2001 00:19:27, 9.201041E-02, 4.666800E+01, 3.300200E+04, 8.430405E+00, 1.166931E+01, -3.562940E-01, 1.320312E+01
13-NOV-2001 00:19:30, 9.141459E-02, 4.665900E+01, 3.300200E+04, 8.449173E+00, 1.165530E+01, -3.588248E-01, 1.321964E+01
13-NOV-2001 00:19:32, 9.081513E-02, 4.665500E+01, 3.300200E+04, 8.466568E+00, 1.163617E+01, -3.904024E-01, 1.317008E+01
13-NOV-2001 00:19:35, 9.015393E-02, 4.664900E+01, 3.300200E+04, 8.480988E+00, 1.165814E+01, -3.676251E-01, 1.318960E+01
13-NOV-2001 00:19:37, 8.956537E-02, 4.665100E+01, 3.300200E+04, 8.501816E+00, 1.167471E+01, -3.575594E-01, 1.318960E+01
13-NOV-2001 00:19:40, 8.914757E-02, 4.664600E+01, 3.300200E+04, 8.516235E+00, 1.167471E+01, -3.651518E-01, 1.318960E+01
13-NOV-2001 00:19:42, 8.851905E-02, 4.665000E+01, 3.300100E+04, 8.531799E+00, 1.167471E+01, -3.575594E-01, 1.318773E+01
13-NOV-2001 00:19:45, 8.818845E-02, 4.665500E+01, 3.300100E+04, 8.548737E+00, 1.168834E+01, -3.588248E-01, 1.320612E+01
13-NOV-2001 00:19:47, 8.750907E-02, 4.665200E+01, 3.300200E+04, 8.562012E+00, 1.170491E+01, -3.600901E-01, 1.320612E+01
13-NOV-2001 00:19:50, 8.700044E-02, 4.664900E+01, 3.300100E+04, 8.575745E+00, 1.167471E+01, -3.537632E-01, 1.323915E+01
13-NOV-2001 00:19:52, 8.636103E-02, 4.664600E+01, 3.300100E+04, 8.593140E+00, 1.170491E+01, -3.600901E-01, 1.323915E+01
13-NOV-2001 00:19:55, 8.600136E-02, 4.664600E+01, 3.300200E+04, 8.611450E+00, 1.169090E+01, -3.575594E-01, 1.323915E+01
13-NOV-2001 00:19:57, 8.547457E-02, 4.664100E+01, 3.300200E+04, 8.626328E+00, 1.170747E+01, -3.626209E-01, 1.323915E+01
13-NOV-2001 00:20:00, 8.503497E-02, 4.664700E+01, 3.300200E+04, 8.640747E+00, 1.169090E+01, -3.688906E-01, 1.322264E+01
13-NOV-2001 00:20:02, 8.439555E-02, 4.663900E+01, 3.300200E+04, 8.654709E+00, 1.170747E+01, -3.600901E-01, 1.325380E+01
13-NOV-2001 00:20:05, 8.400682E-02, 4.665000E+01, 3.300200E+04, 8.667068E+00, 1.175717E+01, -3.739523E-01, 1.326994E+01
13-NOV-2001 00:20:07, 8.348729E-02, 4.665100E+01, 3.300200E+04, 8.682861E+00, 1.174060E+01, -3.651518E-01, 1.327181E+01
13-NOV-2001 00:20:10, 8.316758E-02, 4.664100E+01, 3.300200E+04, 8.699112E+00, 1.170747E+01, -3.714215E-01, 1.327181E+01
13-NOV-2001 00:20:12, 8.265895E-02, 4.664400E+01, 3.300100E+04, 8.717194E+00, 1.175461E+01, -3.676251E-01, 1.323915E+01
13-NOV-2001 00:20:15, 8.231018E-02, 4.664300E+01, 3.300100E+04, 8.731155E+00, 1.174060E+01, -3.688906E-01, 1.327181E+01
13-NOV-2001 00:20:17, 8.172163E-02, 4.664700E+01, 3.300100E+04, 8.749237E+00, 1.174060E+01, -3.701559E-01, 1.323915E+01
13-NOV-2001 00:20:20, 8.133290E-02, 4.663800E+01, 3.300100E+04, 8.766174E+00, 1.174060E+01, -3.626209E-01, 1.327459E+01
13-NOV-2001 00:20:22, 8.081337E-02, 4.664500E+01, 3.300100E+04, 8.770523E+00, 1.177118E+01, -3.714215E-01, 1.328833E+01
13-NOV-2001 00:20:25, 8.058449E-02, 4.664100E+01, 3.300100E+04, 8.787460E+00, 1.175717E+01, -3.726867E-01, 1.327459E+01
13-NOV-2001 00:20:27, 8.008495E-02, 4.663600E+01, 3.300100E+04, 8.811264E+00, 1.174060E+01, -3.752176E-01, 1.327459E+01
13-NOV-2001 00:20:30, 7.984517E-02, 4.663800E+01, 3.300100E+04, 8.819504E+00, 1.175717E+01, -3.676251E-01, 1.325567E+01
13-NOV-2001 00:20:32, 7.938559E-02, 4.663800E+01, 3.300100E+04, 8.832550E+00, 1.173805E+01, -3.726867E-01, 1.323915E+01
13-NOV-2001 00:20:35, 7.904590E-02, 4.663300E+01, 3.300100E+04, 8.854523E+00, 1.173805E+01, -3.777484E-01, 1.323915E+01
13-NOV-2001 00:20:37, 7.877705E-02, 4.663200E+01, 3.300100E+04, 8.862534E+00, 1.177373E+01, -3.764831E-01, 1.322264E+01
13-NOV-2001 00:20:40, 7.846824E-02, 4.662700E+01, 3.300100E+04, 8.873291E+00, 1.175717E+01, -3.764831E-01, 1.322264E+01
13-NOV-2001 00:20:42, 7.803773E-02, 4.663200E+01, 3.300200E+04, 8.886337E+00, 1.175976E+01, -3.714215E-01, 1.322264E+01
13-NOV-2001 00:20:45, 7.788877E-02, 4.663300E+01, 3.300200E+04, 8.902817E+00, 1.177373E+01, -3.676251E-01, 1.322264E+01
13-NOV-2001 00:20:47, 7.746007E-02, 4.663400E+01, 3.300100E+04, 8.920898E+00, 1.175717E+01, -3.815447E-01, 1.322264E+01
13-NOV-2001 00:20:50, 7.710949E-02, 4.663400E+01, 3.300100E+04, 8.933945E+00, 1.179030E+01, -3.752176E-01, 1.322264E+01
13-NOV-2001 00:20:52, 7.666080E-02, 4.662600E+01, 3.300100E+04, 8.942184E+00, 1.177373E+01, -3.664173E-01, 1.322264E+01
13-NOV-2001 00:20:55, 7.652093E-02, 4.663400E+01, 3.300100E+04, 8.964157E+00, 1.177373E+01, -3.626209E-01, 1.322076E+01
13-NOV-2001 00:20:57, 7.615218E-02, 4.662400E+01, 3.300200E+04, 8.979721E+00, 1.175717E+01, -3.664173E-01, 1.322264E+01
13-NOV-2001 00:21:00, 7.599232E-02, 4.662800E+01, 3.300200E+04, 8.988647E+00, 1.179030E+01, -3.676251E-01, 1.323915E+01
13-NOV-2001 00:21:02, 7.555273E-02, 4.662600E+01, 3.300200E+04, 8.998489E+00, 1.179030E+01, -3.739523E-01, 1.320425E+01
13-NOV-2001 00:21:05, 7.528389E-02, 4.661600E+01, 3.300200E+04, 9.018631E+00, 1.179030E+01, -3.828100E-01, 1.323915E+01
13-NOV-2001 00:21:07, 7.492422E-02, 4.662200E+01, 3.300100E+04, 9.033737E+00, 1.180686E+01, -3.613557E-01, 1.325380E+01
13-NOV-2001 00:21:10, 7.471350E-02, 4.662200E+01, 3.300100E+04, 9.048615E+00, 1.179289E+01, -3.588248E-01, 1.325380E+01
13-NOV-2001 00:21:12, 7.440469E-02, 4.662300E+01, 3.300200E+04, 9.056854E+00, 1.179030E+01, -3.512324E-01, 1.325567E+01
13-NOV-2001 00:21:15, 7.422485E-02, 4.662100E+01, 3.300100E+04, 9.076309E+00, 1.179030E+01, -3.815447E-01, 1.323915E+01
13-NOV-2001 00:21:17, 7.390151E-02, 4.662500E+01, 3.300100E+04, 9.079971E+00, 1.182305E+01, -3.298930E-01, 1.323915E+01
13-NOV-2001 00:21:20, 7.370351E-02, 4.662200E+01, 3.300200E+04, 9.100113E+00, 1.177632E+01, -3.678552E-01, 1.323728E+01
13-NOV-2001 00:21:22, 7.338380E-02, 4.661900E+01, 3.300200E+04, 9.111328E+00, 1.179030E+01, -3.577319E-01, 1.322264E+01
13-NOV-2001 00:21:25, 7.317308E-02, 4.662000E+01, 3.300200E+04, 9.126434E+00, 1.180686E+01, -3.564665E-01, 1.318960E+01
13-NOV-2001 00:21:27, 7.296418E-02, 4.661500E+01, 3.300200E+04, 9.140854E+00, 1.180686E+01, -3.602628E-01, 1.322264E+01
13-NOV-2001 00:21:30, 7.274438E-02, 4.661600E+01, 3.300200E+04, 9.149551E+00, 1.179289E+01, -3.640591E-01, 1.322264E+01
13-NOV-2001 00:21:32, 7.245556E-02, 4.661400E+01, 3.300100E+04, 9.166489E+00, 1.179030E+01, -3.665899E-01, 1.320425E+01
13-NOV-2001 00:21:35, 7.220488E-02, 4.661900E+01, 3.300100E+04, 9.176559E+00, 1.182058E+01, -3.602628E-01, 1.321683E+01
13-NOV-2001 00:21:37, 7.196510E-02, 4.661200E+01, 3.300200E+04, 9.187775E+00, 1.181803E+01, -3.665899E-01, 1.321683E+01
13-NOV-2001 00:21:40, 7.182523E-02, 4.661700E+01, 3.300200E+04, 9.210892E+00, 1.183459E+01, -3.653244E-01, 1.323151E+01
13-NOV-2001 00:21:42, 7.145648E-02, 4.661300E+01, 3.300200E+04, 9.211578E+00, 1.183459E+01, -3.665899E-01, 1.320031E+01
13-NOV-2001 00:21:45, 7.128754E-02, 4.660500E+01, 3.300100E+04, 9.231033E+00, 1.186771E+01, -3.640591E-01, 1.323335E+01
13-NOV-2001 00:21:47, 7.103686E-02, 4.661200E+01, 3.300100E+04, 9.234695E+00, 1.185371E+01, -3.678552E-01, 1.323335E+01
13-NOV-2001 00:21:50, 7.089698E-02, 4.660300E+01, 3.300200E+04, 9.251175E+00, 1.183459E+01, -3.741246E-01, 1.323151E+01
13-NOV-2001 00:21:52, 7.060816E-02, 4.660700E+01, 3.300100E+04, 9.263535E+00, 1.183715E+01, -3.627936E-01, 1.321683E+01
13-NOV-2001 00:21:55, 7.046828E-02, 4.660900E+01, 3.300100E+04, 9.274979E+00, 1.183459E+01, -3.691207E-01, 1.323335E+01
13-NOV-2001 00:21:57, 7.021943E-02, 4.661300E+01, 3.300100E+04, 9.292374E+00, 1.183459E+01, -3.741246E-01, 1.321683E+01
13-NOV-2001 00:22:00, 7.007955E-02, 4.661000E+01, 3.300100E+04, 9.301300E+00, 1.185115E+01, -3.665899E-01, 1.321683E+01
13-NOV-2001 00:22:02, 6.983977E-02, 4.660600E+01, 3.300200E+04, 9.317551E+00, 1.185371E+01, -3.741246E-01, 1.324986E+01
13-NOV-2001 00:22:05, 6.966902E-02, 4.660700E+01, 3.300200E+04, 9.327393E+00, 1.185115E+01, -3.741246E-01, 1.321683E+01
13-NOV-2001 00:22:07, 6.936929E-02, 4.660700E+01, 3.300200E+04, 9.339981E+00, 1.185371E+01, -3.741246E-01, 1.321683E+01
13-NOV-2001 00:22:10, 6.925122E-02, 4.660500E+01, 3.300200E+04, 9.357605E+00, 1.187027E+01, -3.753902E-01, 1.323335E+01
13-NOV-2001 00:22:12, 6.897148E-02, 4.660800E+01, 3.300200E+04, 9.372711E+00, 1.185115E+01, -4.019636E-01, 1.324986E+01
13-NOV-2001 00:22:15, 6.879164E-02, 4.660600E+01, 3.300200E+04, 9.387589E+00, 1.185115E+01, -3.703860E-01, 1.324986E+01
13-NOV-2001 00:22:17, 6.862088E-02, 4.661200E+01, 3.300200E+04, 9.392624E+00, 1.185115E+01, -3.855134E-01, 1.323335E+01
13-NOV-2001 00:22:20, 6.851190E-02, 4.660700E+01, 3.300200E+04, 9.413910E+00, 1.185115E+01, -3.627936E-01, 1.324986E+01
13-NOV-2001 00:22:22, 6.824123E-02, 4.659800E+01, 3.300200E+04, 9.416428E+00, 1.185115E+01, -4.006983E-01, 1.324986E+01
13-NOV-2001 00:22:25, 6.809228E-02, 4.660300E+01, 3.300200E+04, 9.434052E+00, 1.183715E+01, -3.640591E-01, 1.324986E+01
13-NOV-2001 00:22:27, 6.791244E-02, 4.660100E+01, 3.300200E+04, 9.444122E+00, 1.185371E+01, -3.729168E-01, 1.326638E+01
13-NOV-2001 00:22:30, 6.778347E-02, 4.660100E+01, 3.300200E+04, 9.466553E+00, 1.185115E+01, -3.665899E-01, 1.325267E+01
13-NOV-2001 00:22:32, 6.749283E-02, 4.660500E+01, 3.300200E+04, 9.481659E+00, 1.185371E+01, -3.766555E-01, 1.321683E+01
13-NOV-2001 00:22:35, 6.736385E-02, 4.660000E+01, 3.300100E+04, 9.485321E+00, 1.187027E+01, -3.741246E-01, 1.323335E+01
13-NOV-2001 00:22:37, 6.718402E-02, 4.659700E+01, 3.300100E+04, 9.502945E+00, 1.185371E+01, -3.703860E-01, 1.321683E+01
13-NOV-2001 00:22:40, 6.702416E-02, 4.659200E+01, 3.300200E+04, 9.516678E+00, 1.185371E+01, -3.691207E-01, 1.323335E+01
13-NOV-2001 00:22:42, 6.686431E-02, 4.659500E+01, 3.300200E+04, 9.532928E+00, 1.187027E+01, -3.678552E-01, 1.321683E+01
13-NOV-2001 00:22:45, 6.672443E-02, 4.659000E+01, 3.300200E+04, 9.539337E+00, 1.187027E+01, -3.678552E-01, 1.318379E+01
13-NOV-2001 00:22:47, 6.650464E-02, 4.659700E+01, 3.300200E+04, 9.558105E+00, 1.183715E+01, -3.665899E-01, 1.320031E+01
13-NOV-2001 00:22:50, 6.638475E-02, 4.659000E+01, 3.300200E+04, 9.564285E+00, 1.185371E+01, -3.678552E-01, 1.321499E+01
13-NOV-2001 00:22:52, 6.618493E-02, 4.659900E+01, 3.300100E+04, 9.579391E+00, 1.187027E+01, -3.893095E-01, 1.321499E+01
13-NOV-2001 00:22:55, 6.610501E-02, 4.659300E+01, 3.300100E+04, 9.583054E+00, 1.183715E+01, -3.880442E-01, 1.319847E+01
13-NOV-2001 00:22:57, 6.590519E-02, 4.659400E+01, 3.300100E+04, 9.601822E+00, 1.185371E+01, -3.842479E-01, 1.319847E+01
13-NOV-2001 00:23:00, 6.579620E-02, 4.659200E+01, 3.300200E+04, 9.611893E+00, 1.190302E+01, -3.779210E-01, 1.321683E+01
13-NOV-2001 00:23:02, 6.552735E-02, 4.658700E+01, 3.300200E+04, 9.626999E+00, 1.187027E+01, -3.716515E-01, 1.320031E+01
13-NOV-2001 00:23:05, 6.546740E-02, 4.658200E+01, 3.300200E+04, 9.637070E+00, 1.187027E+01, -3.678552E-01, 1.323151E+01
13-NOV-2001 00:23:07, 6.529665E-02, 4.658600E+01, 3.300200E+04, 9.648285E+00, 1.187027E+01, -3.753902E-01, 1.319847E+01
13-NOV-2001 00:23:10, 6.521673E-02, 4.658200E+01, 3.300100E+04, 9.655838E+00, 1.187199E+01, -3.716515E-01, 1.324802E+01
13-NOV-2001 00:23:12, 6.508230E-02, 4.658100E+01, 3.300200E+04, 9.668427E+00, 1.188646E+01, -3.741246E-01, 1.324802E+01
13-NOV-2001 00:23:15, 6.497695E-02, 4.658100E+01, 3.300200E+04, 9.688339E+00, 1.185371E+01, -3.829826E-01, 1.328105E+01
13-NOV-2001 00:23:17, 6.473172E-02, 4.658500E+01, 3.300200E+04, 9.692230E+00, 1.187199E+01, -3.373129E-01, 1.324521E+01
13-NOV-2001 00:23:20, 6.466269E-02, 4.658400E+01, 3.300200E+04, 9.704590E+00, 1.187199E+01, -3.802792E-01, 1.326454E+01
13-NOV-2001 00:23:22, 6.450828E-02, 4.657500E+01, 3.300200E+04, 9.716034E+00, 1.187199E+01, -3.904024E-01, 1.328105E+01
13-NOV-2001 00:23:25, 6.440838E-02, 4.658100E+01, 3.300100E+04, 9.727249E+00, 1.187199E+01, -3.853408E-01, 1.331371E+01
13-NOV-2001 00:23:27, 6.425397E-02, 4.657600E+01, 3.300100E+04, 9.739838E+00, 1.188646E+01, -3.866063E-01, 1.334674E+01
13-NOV-2001 00:23:30, 6.414317E-02, 4.658100E+01, 3.300200E+04, 9.754715E+00, 1.188817E+01, -3.777484E-01, 1.332741E+01
13-NOV-2001 00:23:32, 6.402873E-02, 4.657500E+01, 3.300200E+04, 9.766159E+00, 1.188817E+01, -3.726867E-01, 1.334858E+01
13-NOV-2001 00:23:35, 6.386887E-02, 4.658200E+01, 3.300100E+04, 9.773483E+00, 1.184479E+01, -3.676251E-01, 1.330297E+01
13-NOV-2001 00:23:37, 6.374352E-02, 4.658100E+01, 3.300200E+04, 9.786072E+00, 1.182823E+01, -3.664173E-01, 1.331948E+01
13-NOV-2001 00:23:40, 6.366905E-02, 4.657600E+01, 3.300200E+04, 9.802322E+00, 1.189619E+01, -3.664173E-01, 1.328833E+01
13-NOV-2001 00:23:42, 6.354916E-02, 4.657300E+01, 3.300100E+04, 9.811249E+00, 1.186135E+01, -3.676251E-01, 1.335251E+01
13-NOV-2001 00:23:45, 6.344380E-02, 4.657500E+01, 3.300100E+04, 9.821091E+00, 1.185876E+01, -3.979949E-01, 1.331948E+01
13-NOV-2001 00:23:47, 6.330030E-02, 4.656800E+01, 3.300200E+04, 9.837570E+00, 1.187792E+01, -3.891371E-01, 1.331948E+01
13-NOV-2001 00:23:50, 6.314589E-02, 4.657600E+01, 3.300200E+04, 9.842606E+00, 1.189448E+01, -3.600901E-01, 1.331948E+01
13-NOV-2001 00:23:52, 6.301510E-02, 4.657000E+01, 3.300100E+04, 9.857483E+00, 1.184479E+01, -3.638865E-01, 1.331948E+01
13-NOV-2001 00:23:55, 6.291519E-02, 4.656800E+01, 3.300100E+04, 9.872589E+00, 1.184220E+01, -3.688906E-01, 1.331948E+01
13-NOV-2001 00:23:57, 6.282619E-02, 4.657400E+01, 3.300100E+04, 9.885178E+00, 1.184479E+01, -3.562940E-01, 1.331948E+01
13-NOV-2001 00:24:00, 6.276079E-02, 4.656600E+01, 3.300100E+04, 9.891357E+00, 1.182823E+01, -3.701559E-01, 1.331948E+01
13-NOV-2001 00:24:02, 6.258640E-02, 4.656500E+01, 3.300100E+04, 9.903946E+00, 1.186135E+01, -3.764831E-01, 1.332136E+01
13-NOV-2001 00:24:05, 6.246651E-02, 4.656500E+01, 3.300100E+04, 9.922714E+00, 1.186135E+01, -3.626209E-01, 1.335251E+01
13-NOV-2001 00:24:07, 6.235207E-02, 4.656200E+01, 3.300100E+04, 9.928894E+00, 1.187792E+01, -3.600901E-01, 1.331948E+01
13-NOV-2001 00:24:10, 6.227760E-02, 4.656600E+01, 3.300200E+04, 9.938965E+00, 1.186135E+01, -3.701559E-01, 1.331948E+01
13-NOV-2001 00:24:12, 6.216679E-02, 4.655900E+01, 3.300100E+04, 9.950180E+00, 1.187963E+01, -3.638865E-01, 1.331948E+01
13-NOV-2001 00:24:15, 6.208141E-02, 4.656900E+01, 3.300100E+04, 9.957733E+00, 1.187792E+01, -3.664173E-01, 1.332136E+01
13-NOV-2001 00:24:17, 6.194699E-02, 4.656200E+01, 3.300200E+04, 9.976501E+00, 1.187792E+01, -3.651518E-01, 1.332136E+01
13-NOV-2001 00:24:20, 6.183255E-02, 4.656500E+01, 3.300200E+04, 9.987946E+00, 1.187792E+01, -3.664173E-01, 1.330297E+01
13-NOV-2001 00:24:22, 6.172356E-02, 4.655500E+01, 3.300200E+04, 9.999161E+00, 1.186135E+01, -3.726867E-01, 1.331948E+01
13-NOV-2001 00:24:25, 6.164363E-02, 4.656000E+01, 3.300200E+04, 1.001427E+01, 1.186307E+01, -3.664173E-01, 1.331948E+01
13-NOV-2001 00:24:27, 6.151284E-02, 4.655500E+01, 3.300200E+04, 1.002296E+01, 1.184651E+01, -3.701559E-01, 1.330297E+01
13-NOV-2001 00:24:30, 6.143836E-02, 4.655900E+01, 3.300200E+04, 1.003418E+01, 1.187963E+01, -3.726867E-01, 1.331948E+01
13-NOV-2001 00:24:32, 6.128396E-02, 4.655800E+01, 3.300200E+04, 1.004929E+01, 1.186307E+01, -3.790139E-01, 1.333600E+01
13-NOV-2001 00:24:35, 6.128396E-02, 4.655500E+01, 3.300200E+04, 1.005684E+01, 1.186135E+01, -3.916680E-01, 1.333600E+01
13-NOV-2001 00:24:37, 6.114954E-02, 4.656100E+01, 3.300200E+04, 1.006691E+01, 1.186307E+01, -3.916680E-01, 1.333319E+01
13-NOV-2001 00:24:40, 6.107324E-02, 4.655000E+01, 3.300200E+04, 1.007423E+01, 1.187963E+01, -3.866063E-01, 1.333600E+01
13-NOV-2001 00:24:42, 6.097878E-02, 4.655700E+01, 3.300200E+04, 1.008682E+01, 1.184479E+01, -3.790139E-01, 1.331948E+01
13-NOV-2001 00:24:45, 6.088977E-02, 4.655200E+01, 3.300200E+04, 1.010307E+01, 1.186307E+01, -3.739523E-01, 1.336902E+01
13-NOV-2001 00:24:47, 6.083346E-02, 4.655900E+01, 3.300200E+04, 1.010696E+01, 1.186135E+01, -3.866063E-01, 1.335251E+01
13-NOV-2001 00:24:50, 6.076988E-02, 4.655000E+01, 3.300200E+04, 1.011200E+01, 1.186307E+01, -3.764831E-01, 1.338554E+01
13-NOV-2001 00:24:52, 6.109322E-02, 4.655800E+01, 3.300200E+04, 1.009438E+01, 1.186135E+01, -3.752176E-01, 1.341538E+01
13-NOV-2001 00:24:55, 6.108959E-02, 4.656000E+01, 3.300200E+04, 1.007172E+01, 1.187792E+01, -3.802792E-01, 1.340167E+01
13-NOV-2001 00:24:57, 6.097878E-02, 4.656000E+01, 3.300200E+04, 1.007927E+01, 1.187792E+01, -3.714215E-01, 1.341818E+01
13-NOV-2001 00:25:00, 6.095335E-02, 4.655600E+01, 3.300100E+04, 1.007927E+01, 1.184479E+01, -3.752176E-01, 1.336902E+01
