1ELSA - Electron Stretcher Accelerator                                             "MAD" Version: 8.22/6    Run: 26/05/:8  16.28.16
 Linear lattice functions.    TWISS               line: ELSA                       range: #S/#E                                   
 Delta(p)/p:      .000000     symm: F             super:   1                                                             page     1
 ----------------------------------------------------------------------------------------------------------------------------------
      ELEMENT SEQUENCE       I                H O R I Z O N T A L               I                  V E R T I C A L
 pos.  element occ.     dist I   betax  alfax   mux    x(co)  px(co) Dx    Dpx  I   betay  alfay   muy    y(co)  py(co) Dy    Dpy
 no.   name    no.      [m]  I   [m]    [1]     [2pi]  [mm]   [.001] [m]   [1]  I   [m]    [1]     [2pi]  [mm]   [.001] [m]   [1]
 ----------------------------------------------------------------------------------------------------------------------------------
 begin ELSA       1      .000    2.432   .469    .000   .000   .000  -.010  .001   15.598 -2.282    .000   .000   .000   .000  .000
     1 START      1      .000    2.432   .469    .000   .000   .000  -.010  .001   15.598 -2.282    .000   .000   .000   .000  .000
     2 [000000]   1      .034    2.401   .452    .002   .000   .000  -.010  .001   15.755 -2.295    .000   .000   .000   .000  .000
     3 QD1        1      .534    2.401  -.452    .036   .000   .000  -.010 -.001   15.754  2.296    .005   .000   .000   .000  .000
     4 [000001]   1      .550    2.415  -.460    .038   .000   .000  -.010 -.001   15.680  2.289    .005   .000   .000   .000  .000
     5 BPM01      1      .550    2.415  -.460    .038   .000   .000  -.010 -.001   15.680  2.289    .005   .000   .000   .000  .000
     6 [000002]   1      .829    2.711  -.600    .055   .000   .000  -.010 -.001   14.434  2.178    .008   .000   .000   .000  .000
     7 KV01       1      .829    2.711  -.600    .055   .000   .000  -.010 -.001   14.434  2.178    .008   .000   .000   .000  .000
     8 [000003]   1     5.172   17.375 -2.777    .164   .000   .000  -.016 -.001    3.021   .450    .123   .000   .000   .000  .000
     9 QF2        1     5.671   17.368  2.790    .168   .000   .000  -.016  .004    3.133  -.685    .149   .000   .000   .000  .000
    10 [000004]   1     5.690   17.265  2.780    .169   .000   .000  -.015  .004    3.159  -.694    .150   .000   .000   .000  .000
    11 BPM02      1     5.690   17.265  2.780    .169   .000   .000  -.015  .004    3.159  -.694    .150   .000   .000   .000  .000
    12 [000005]   1     6.773   11.835  2.233    .181   .000   .000  -.011  .004    5.212 -1.202    .193   .000   .000   .000  .000
    13 KH02       1     6.773   11.835  2.233    .181   .000   .000  -.011  .004    5.212 -1.202    .193   .000   .000   .000  .000
    14 [000006]   1     7.133   10.294  2.051    .186   .000   .000  -.010  .004    6.137 -1.371    .203   .000   .000   .000  .000
    15 M2         1    10.008    2.722   .613    .276  -.001  -.001   .375  .267   17.208 -2.347    .248   .000   .000   .000  .000
    16 [000007]   1    10.309    2.398   .461    .295  -.001  -.001   .455  .267   18.658 -2.461    .251   .000   .000   .000  .000
    17 QD3        1    10.809    2.388  -.441    .329  -.001  -.001   .625  .422   18.403  2.947    .255   .000   .000   .000  .000
    18 [000008]   1    10.830    2.407  -.451    .331  -.001  -.001   .634  .422   18.279  2.936    .256   .000   .000   .000  .000
    19 BPM03      1    10.830    2.407  -.451    .331  -.001  -.001   .634  .422   18.279  2.936    .256   .000   .000   .000  .000
    20 [000009]   1    10.946    2.518  -.509    .338  -.001  -.001   .683  .422   17.608  2.875    .257   .000   .000   .000  .000
    21 SD3        1    11.233    2.851  -.653    .355  -.002  -.001   .804  .422   16.001  2.724    .259   .000   .000   .000  .000
    22 [000010]   1    11.719    3.604  -.896    .379  -.002  -.001  1.009  .422   13.475  2.468    .265   .000   .000   .000  .000
    23 KV03       1    11.719    3.604  -.896    .379  -.002  -.001  1.009  .422   13.475  2.468    .265   .000   .000   .000  .000
    24 [000011]   1    14.152   10.923 -2.112    .443  -.004  -.001  2.035  .422    4.581  1.188    .315   .000   .000   .000  .000
    25 KH03       1    14.152   10.923 -2.112    .443  -.004  -.001  2.035  .422    4.581  1.188    .315   .000   .000   .000  .000
    26 [000012]   1    15.447   17.232 -2.760    .458  -.005  -.001  2.581  .422    2.388   .506    .379   .000   .000   .000  .000
    27 QF4        1    15.946   17.231  2.762    .462  -.005   .001  2.584 -.410    2.365  -.458    .413   .000   .000   .000  .000
    28 [000013]   1    15.970   17.100  2.750    .463  -.005   .001  2.575 -.410    2.386  -.470    .415   .000   .000   .000  .000
    29 BPM04      1    15.970   17.100  2.750    .463  -.005   .001  2.575 -.410    2.386  -.470    .415   .000   .000   .000  .000
    30 [000014]   1    16.083   16.485  2.693    .464  -.005   .001  2.528 -.410    2.499  -.527    .422   .000   .000   .000  .000
    31 SF4        1    16.370   14.981  2.550    .466  -.005   .001  2.411 -.410    2.844  -.674    .439   .000   .000   .000  .000
    32 [000015]   1    16.632   13.679  2.418    .469  -.005   .001  2.303 -.410    3.232  -.808    .453   .000   .000   .000  .000
    33 KH04       1    16.632   13.679  2.418    .469  -.005   .001  2.303 -.410    3.232  -.808    .453   .000   .000   .000  .000
    34 [000016]   1    17.408   10.228  2.030    .480  -.004   .001  1.985 -.410    4.794 -1.205    .485   .000   .000   .000  .000
    35 M4         1    20.283    2.732   .607    .570  -.004  -.001  1.193 -.147   15.389 -2.353    .539   .000   .000   .000  .000
    36 [000017]   1    20.584    2.412   .456    .589  -.004  -.001  1.149 -.147   16.846 -2.482    .542   .000   .000   .000  .000
    37 QD5        1    21.084    2.408  -.449    .623  -.005  -.002  1.158  .183   16.871  2.435    .547   .000   .000   .000  .000
    38 [000018]   1    21.100    2.423  -.457    .624  -.005  -.002  1.161  .183   16.792  2.429    .547   .000   .000   .000  .000
    39 BPM05      1    21.100    2.423  -.457    .624  -.005  -.002  1.161  .183   16.792  2.429    .547   .000   .000   .000  .000
    40 [000019]   1    21.334    2.664  -.574    .639  -.005  -.002  1.204  .183   15.678  2.333    .549   .000   .000   .000  .000
    41 KV05       1    21.334    2.664  -.574    .639  -.005  -.002  1.204  .183   15.678  2.333    .549   .000   .000   .000  .000
    42 [000020]   1    22.545    4.786 -1.178    .694  -.008  -.002  1.426  .183   10.630  1.835    .564   .000   .000   .000  .000
    43 M5         1    25.420   15.505 -2.592    .747  -.018  -.005  2.321  .446    3.121   .687    .647   .000   .000   .000  .000
    44 [000021]   1    25.722   17.113 -2.742    .750  -.019  -.005  2.455  .446    2.750   .545    .664   .000   .000   .000  .000
    45 QF6        1    26.221   17.113  2.741    .755  -.020   .002  2.480 -.349    2.730  -.503    .694   .000   .000   .000  .000
    46 [000022]   1    26.240   17.011  2.732    .755  -.020   .002  2.474 -.349    2.749  -.512    .695   .000   .000   .000  .000
1ELSA - Electron Stretcher Accelerator                                             "MAD" Version: 8.22/6    Run: 26/05/:8  16.28.16
 Linear lattice functions.    TWISS               line: ELSA                       range: #S/#E                                   
 Delta(p)/p:      .000000     symm: F             super:   1                                                             page     2
 ----------------------------------------------------------------------------------------------------------------------------------
      ELEMENT SEQUENCE       I                H O R I Z O N T A L               I                  V E R T I C A L
 pos.  element occ.     dist I   betax  alfax   mux    x(co)  px(co) Dx    Dpx  I   betay  alfay   muy    y(co)  py(co) Dy    Dpy
 no.   name    no.      [m]  I   [m]    [1]     [2pi]  [mm]   [.001] [m]   [1]  I   [m]    [1]     [2pi]  [mm]   [.001] [m]   [1]
 ----------------------------------------------------------------------------------------------------------------------------------
    47 BPM06      1    26.240   17.011  2.732    .755  -.020   .002  2.474 -.349    2.749  -.512    .695   .000   .000   .000  .000
    48 [000023]   1    27.222   12.125  2.244    .766  -.018   .002  2.131 -.349    4.197  -.963    .741   .000   .000   .000  .000
    49 KH06       1    27.222   12.125  2.244    .766  -.018   .002  2.131 -.349    4.197  -.963    .741   .000   .000   .000  .000
    50 [000024]   1    27.683   10.164  2.014    .772  -.018   .002  1.971 -.349    5.182 -1.174    .757   .000   .000   .000  .000
    51 M6         1    30.558    2.729   .601    .863  -.019  -.002  1.353 -.086   15.157 -2.177    .810   .000   .000   .000  .000
    52 [000025]   1    30.859    2.412   .450    .882  -.019  -.002  1.327 -.086   16.504 -2.291    .813   .000   .000   .000  .000
    53 QD7        1    31.359    2.414  -.455    .916  -.022  -.008  1.380  .302   16.393  2.504    .817   .000   .000   .000  .000
    54 [000026]   1    31.380    2.434  -.466    .917  -.022  -.008  1.387  .302   16.287  2.495    .818   .000   .000   .000  .000
    55 BPM07      1    31.380    2.434  -.466    .917  -.022  -.008  1.387  .302   16.287  2.495    .818   .000   .000   .000  .000
    56 [000027]   1    31.609    2.674  -.581    .932  -.024  -.008  1.456  .302   15.168  2.393    .820   .000   .000   .000  .000
    57 KV07       1    31.609    2.674  -.581    .932  -.024  -.008  1.456  .302   15.168  2.393    .820   .000   .000   .000  .000
    58 [000028]   1    32.185    3.508  -.869    .962  -.029  -.008  1.629  .302   12.558  2.138    .827   .000   .000   .000  .000
    59 KH08       1    32.185    3.508  -.869    .962  -.029  -.008  1.629  .302   12.558  2.138    .827   .000   .000   .000  .000
    60 [000029]   1    32.460    4.024 -1.006    .973  -.031  -.008  1.712  .302   11.415  2.016    .830   .000   .000   .000  .000
    61 KH07       1    32.460    4.024 -1.006    .973  -.031  -.008  1.712  .302   11.415  2.016    .830   .000   .000   .000  .000
    62 [000030]   1    32.820    4.813 -1.186    .986  -.034  -.008  1.821  .302   10.021  1.856    .836   .000   .000   .000  .000
    63 M7         1    35.695   15.565 -2.591   1.040  -.064  -.013  3.049  .562    2.715   .600    .929   .000   .000   .000  .000
    64 [000031]   1    35.997   17.173 -2.741   1.043  -.068  -.013  3.219  .562    2.399   .449    .947   .000   .000   .000  .000
    65 QF8        1    36.496   17.163  2.760   1.047  -.069   .009  3.240 -.478    2.435  -.524    .982   .000   .000   .000  .000
    66 [000032]   1    36.520   17.032  2.748   1.047  -.069   .009  3.229 -.478    2.460  -.537    .983   .000   .000   .000  .000
    67 BPM08      1    36.520   17.032  2.748   1.047  -.069   .009  3.229 -.478    2.460  -.537    .983   .000   .000   .000  .000
    68 [000033]   1    37.567   11.828  2.223   1.059  -.059   .009  2.729 -.478    4.158 -1.085   1.036   .000   .000   .000  .000
    69 KV08       1    37.567   11.828  2.223   1.059  -.059   .009  2.729 -.478    4.158 -1.085   1.036   .000   .000   .000  .000
    70 [000034]   1    37.958   10.168  2.026   1.065  -.056   .009  2.542 -.478    5.086 -1.290   1.050   .000   .000   .000  .000
    71 M8         1    40.833    2.693   .600   1.156  -.038   .003  1.554 -.217   16.265 -2.468   1.101   .000   .000   .000  .000
    72 [000035]   1    41.134    2.377   .448   1.175  -.037   .003  1.489 -.217   17.793 -2.599   1.104   .000   .000   .000  .000
    73 QD9        1    41.634    2.379  -.451   1.210  -.038  -.008  1.487  .209   17.796  2.594   1.108   .000   .000   .000  .000
    74 [000036]   1    41.650    2.393  -.459   1.211  -.039  -.008  1.490  .209   17.712  2.587   1.108   .000   .000   .000  .000
    75 BPM09      1    41.650    2.393  -.459   1.211  -.039  -.008  1.490  .209   17.712  2.587   1.108   .000   .000   .000  .000
    76 [000037]   1    41.935    2.696  -.603   1.229  -.041  -.008  1.550  .209   16.272  2.463   1.111   .000   .000   .000  .000
    77 M9         1    44.810   10.190 -2.029   1.320  -.073  -.015  2.515  .470    5.110  1.289   1.162   .000   .000   .000  .000
    78 [000038]   1    45.177   11.747 -2.214   1.325  -.078  -.015  2.688  .470    4.235  1.098   1.175   .000   .000   .000  .000
    79 KV09       1    45.177   11.747 -2.214   1.325  -.078  -.015  2.688  .470    4.235  1.098   1.175   .000   .000   .000  .000
    80 [000039]   1    45.822   14.811 -2.538   1.333  -.087  -.015  2.991  .470    3.035   .762   1.203   .000   .000   .000  .000
    81 KH09       1    45.822   14.811 -2.538   1.333  -.087  -.015  2.991  .470    3.035   .762   1.203   .000   .000   .000  .000
    82 [000040]   1    46.272   17.195 -2.763   1.337  -.094  -.015  3.202  .470    2.454   .528   1.230   .000   .000   .000  .000
    83 QF10       1    46.771   17.203  2.748   1.342  -.094   .016  3.180 -.558    2.417  -.449   1.263   .000   .000   .000  .000
    84 [000041]   1    46.790   17.101  2.739   1.342  -.093   .016  3.170 -.558    2.434  -.459   1.265   .000   .000   .000  .000
    85 BPM10      1    46.790   17.101  2.739   1.342  -.093   .016  3.170 -.558    2.434  -.459   1.265   .000   .000   .000  .000
    86 [000042]   1    47.073   15.592  2.598   1.345  -.089   .016  3.012 -.558    2.733  -.599   1.282   .000   .000   .000  .000
    87 M10        1    49.948    4.803  1.191   1.398  -.056   .008  1.794 -.299   10.017 -1.850   1.375   .000   .000   .000  .000
    88 [000043]   1    50.724    3.257   .800   1.429  -.050   .008  1.562 -.299   13.155 -2.193   1.386   .000   .000   .000  .000
    89 KV10       1    50.724    3.257   .800   1.429  -.050   .008  1.562 -.299   13.155 -2.193   1.386   .000   .000   .000  .000
    90 [000044]   1    50.985    2.873   .668   1.443  -.048   .008  1.484 -.299   14.332 -2.308   1.389   .000   .000   .000  .000
    91 SD10       1    51.272    2.531   .524   1.460  -.046   .008  1.398 -.299   15.693 -2.435   1.392   .000   .000   .000  .000
    92 [000045]   1    51.390    2.415   .465   1.468  -.045   .008  1.363 -.299   16.271 -2.487   1.393   .000   .000   .000  .000
    93 BPM11      1    51.390    2.415   .465   1.468  -.045   .008  1.363 -.299   16.271 -2.487   1.393   .000   .000   .000  .000
1ELSA - Electron Stretcher Accelerator                                             "MAD" Version: 8.22/6    Run: 26/05/:8  16.28.16
 Linear lattice functions.    TWISS               line: ELSA                       range: #S/#E                                   
 Delta(p)/p:      .000000     symm: F             super:   1                                                             page     3
 ----------------------------------------------------------------------------------------------------------------------------------
      ELEMENT SEQUENCE       I                H O R I Z O N T A L               I                  V E R T I C A L
 pos.  element occ.     dist I   betax  alfax   mux    x(co)  px(co) Dx    Dpx  I   betay  alfay   muy    y(co)  py(co) Dy    Dpy
 no.   name    no.      [m]  I   [m]    [1]     [2pi]  [mm]   [.001] [m]   [1]  I   [m]    [1]     [2pi]  [mm]   [.001] [m]   [1]
 ----------------------------------------------------------------------------------------------------------------------------------
    94 [000046]   1    51.409    2.397   .455   1.469  -.045   .008  1.357 -.299   16.367 -2.495   1.393   .000   .000   .000  .000
    95 QD11       1    51.909    2.394  -.447   1.503  -.044  -.005  1.304  .083   16.473  2.292   1.398   .000   .000   .000  .000
    96 [000047]   1    52.210    2.709  -.598   1.522  -.046  -.005  1.329  .083   15.126  2.178   1.401   .000   .000   .000  .000
    97 M11        1    55.085   10.137 -2.011   1.613  -.074  -.014  1.935  .344    5.175  1.168   1.454   .000   .000   .000  .000
    98 [000048]   1    55.862   13.562 -2.398   1.624  -.085  -.014  2.202  .344    3.636   .813   1.482   .000   .000   .000  .000
    99 KH11       1    55.862   13.562 -2.398   1.624  -.085  -.014  2.202  .344    3.636   .813   1.482   .000   .000   .000  .000
   100 [000049]   1    56.123   14.847 -2.528   1.627  -.089  -.014  2.292  .344    3.243   .694   1.494   .000   .000   .000  .000
   101 SF11       1    56.410   16.339 -2.670   1.630  -.093  -.014  2.391  .344    2.882   .563   1.509   .000   .000   .000  .000
   102 [000050]   1    56.530   16.987 -2.730   1.631  -.095  -.014  2.432  .344    2.754   .508   1.516   .000   .000   .000  .000
   103 BPM12      1    56.530   16.987 -2.730   1.631  -.095  -.014  2.432  .344    2.754   .508   1.516   .000   .000   .000  .000
   104 [000051]   1    56.547   17.079 -2.738   1.631  -.095  -.014  2.438  .344    2.737   .500   1.517   .000   .000   .000  .000
   105 QF12       1    57.046   17.081  2.734   1.635  -.094   .016  2.414 -.438    2.761  -.550   1.547   .000   .000   .000  .000
   106 [000052]   1    57.348   15.478  2.585   1.638  -.090   .016  2.282 -.438    3.135  -.693   1.563   .000   .000   .000  .000
   107 M12        1    60.223    4.758  1.180   1.692  -.058   .006  1.407 -.177   10.705 -1.853   1.646   .000   .000   .000  .000
   108 [000053]   1    61.434    2.637   .571   1.748  -.051   .006  1.193 -.177   15.801 -2.354   1.661   .000   .000   .000  .000
   109 KV12       1    61.434    2.637   .571   1.748  -.051   .006  1.193 -.177   15.801 -2.354   1.661   .000   .000   .000  .000
   110 [000054]   1    61.684    2.383   .445   1.764  -.049   .006  1.148 -.177   17.004 -2.458   1.663   .000   .000   .000  .000
   111 QD13       1    62.184    2.388  -.455   1.798  -.050  -.008  1.142  .151   16.983  2.499   1.668   .000   .000   .000  .000
   112 [000055]   1    62.200    2.403  -.463   1.799  -.050  -.008  1.144  .151   16.902  2.492   1.668   .000   .000   .000  .000
   113 BPM13      1    62.200    2.403  -.463   1.799  -.050  -.008  1.144  .151   16.902  2.492   1.668   .000   .000   .000  .000
   114 [000056]   1    62.485    2.709  -.608   1.817  -.052  -.008  1.187  .151   15.515  2.370   1.671   .000   .000   .000  .000
   115 M13        1    65.360   10.219 -2.030   1.908  -.092  -.019  1.986  .411    4.859  1.212   1.725   .000   .000   .000  .000
   116 [000057]   1    66.147   13.724 -2.424   1.918  -.107  -.019  2.310  .411    3.266   .812   1.756   .000   .000   .000  .000
   117 KH13       1    66.147   13.724 -2.424   1.918  -.107  -.019  2.310  .411    3.266   .812   1.756   .000   .000   .000  .000
   118 [000058]   1    66.822   17.222 -2.762   1.925  -.120  -.019  2.588  .411    2.401   .469   1.795   .000   .000   .000  .000
   119 QF14       1    67.321   17.225  2.757   1.930  -.120   .019  2.585 -.422    2.416  -.502   1.829   .000   .000   .000  .000
   120 [000059]   1    67.340   17.122  2.748   1.930  -.120   .019  2.577 -.422    2.435  -.511   1.830   .000   .000   .000  .000
   121 BPM14      1    67.340   17.122  2.748   1.930  -.120   .019  2.577 -.422    2.435  -.511   1.830   .000   .000   .000  .000
   122 [000060]   1    71.139    3.451   .851   2.012  -.047   .019   .975 -.422   13.796 -2.479   1.944   .000   .000   .000  .000
   123 KH14       1    71.139    3.451   .851   2.012  -.047   .019   .975 -.422   13.796 -2.479   1.944   .000   .000   .000  .000
   124 [000061]   1    71.494    2.910   .673   2.030  -.040   .019   .826 -.422   15.621 -2.663   1.948   .000   .000   .000  .000
   125 KV14       1    71.494    2.910   .673   2.030  -.040   .019   .826 -.422   15.621 -2.663   1.948   .000   .000   .000  .000
   126 [000062]   1    71.959    2.392   .441   2.058  -.031   .019   .629 -.422   18.211 -2.904   1.952   .000   .000   .000  .000
   127 QD15       1    72.459    2.401  -.461   2.092  -.023   .011   .460 -.266   18.452  2.446   1.957   .000   .000   .000  .000
   128 [000063]   1    72.480    2.421  -.472   2.094  -.023   .011   .454 -.266   18.349  2.438   1.957   .000   .000   .000  .000
   129 BPM15      1    72.480    2.421  -.472   2.094  -.023   .011   .454 -.266   18.349  2.438   1.957   .000   .000   .000  .000
   130 [000064]   1    72.760    2.725  -.614   2.111  -.020   .011   .380 -.266   17.012  2.332   1.959   .000   .000   .000  .000
   131 M15        1    75.635   10.290 -2.048   2.201  -.005  -.001  -.002 -.002    6.048  1.352   2.005   .000   .000   .000  .000
   132 [000065]   1    76.397   13.703 -2.432   2.212  -.005  -.001  -.004 -.002    4.260   .996   2.029   .000   .000   .000  .000
   133 KH15       1    76.397   13.703 -2.432   2.212  -.005  -.001  -.004 -.002    4.260   .996   2.029   .000   .000   .000  .000
   134 [000066]   1    77.097   17.353 -2.785   2.219  -.006  -.001  -.005 -.002    3.096   .669   2.060   .000   .000   .000  .000
   135 QF16       1    77.596   17.357  2.777   2.223  -.006   .001  -.006 -.001    2.996  -.458   2.087   .000   .000   .000  .000
   136 [000067]   1    77.620   17.226  2.765   2.224  -.006   .001  -.006 -.001    3.018  -.468   2.088   .000   .000   .000  .000
   137 BPM16      1    77.620   17.226  2.765   2.224  -.006   .001  -.006 -.001    3.018  -.468   2.088   .000   .000   .000  .000
   138 [000068]   1    78.984   10.617  2.080   2.240  -.005   .001  -.007 -.001    5.045 -1.019   2.145   .000   .000   .000  .000
   139 PETRA1     1    80.584    5.244  1.277   2.274  -.003   .001  -.008 -.001    9.339 -1.665   2.182   .000   .000   .000  .000
   140 [000069]   1    81.282    3.705   .927   2.299  -.002   .001  -.008 -.001   11.860 -1.947   2.193   .000   .000   .000  .000
1ELSA - Electron Stretcher Accelerator                                             "MAD" Version: 8.22/6    Run: 26/05/:8  16.28.16
 Linear lattice functions.    TWISS               line: ELSA                       range: #S/#E                                   
 Delta(p)/p:      .000000     symm: F             super:   1                                                             page     4
 ----------------------------------------------------------------------------------------------------------------------------------
      ELEMENT SEQUENCE       I                H O R I Z O N T A L               I                  V E R T I C A L
 pos.  element occ.     dist I   betax  alfax   mux    x(co)  px(co) Dx    Dpx  I   betay  alfay   muy    y(co)  py(co) Dy    Dpy
 no.   name    no.      [m]  I   [m]    [1]     [2pi]  [mm]   [.001] [m]   [1]  I   [m]    [1]     [2pi]  [mm]   [.001] [m]   [1]
 ----------------------------------------------------------------------------------------------------------------------------------
   141 KH16       1    81.282    3.705   .927   2.299  -.002   .001  -.008 -.001   11.860 -1.947   2.193   .000   .000   .000  .000
   142 [000070]   1    82.210    2.417   .461   2.350  -.001   .001  -.009 -.001   15.821 -2.321   2.204   .000   .000   .000  .000
   143 BPM17      1    82.210    2.417   .461   2.350  -.001   .001  -.009 -.001   15.821 -2.321   2.204   .000   .000   .000  .000
   144 [000071]   1    82.234    2.395   .449   2.351  -.001   .001  -.009 -.001   15.933 -2.331   2.204   .000   .000   .000  .000
   145 QD17       1    82.734    2.397  -.453   2.385  -.001   .001  -.010 -.003   15.942  2.314   2.209   .000   .000   .000  .000
   146 [000072]   1    82.881    2.541  -.527   2.395   .000   .001  -.011 -.003   15.270  2.255   2.210   .000   .000   .000  .000
   147 KV17       1    82.881    2.541  -.527   2.395   .000   .001  -.011 -.003   15.270  2.255   2.210   .000   .000   .000  .000
   148 [000073]   1    83.184    2.906  -.679   2.413   .000   .001  -.012 -.003   13.940  2.134   2.214   .000   .000   .000  .000
   149 PETRA2     1    84.784    6.368 -1.484   2.473   .001   .001  -.017 -.003    8.129  1.497   2.238   .000   .000   .000  .000
   150 [000074]   1    85.022    7.103 -1.604   2.479   .001   .001  -.018 -.003    7.439  1.402   2.242   .000   .000   .000  .000
   151 KV18       1    85.022    7.103 -1.604   2.479   .001   .001  -.018 -.003    7.439  1.402   2.242   .000   .000   .000  .000
   152 [000075]   1    87.372   17.416 -2.785   2.513   .003   .001  -.026 -.003    3.052   .465   2.325   .000   .000   .000  .000
   153 QF18       1    87.871   17.411  2.795   2.517   .003   .000  -.025  .005    3.152  -.676   2.351   .000   .000   .000  .000
   154 [000076]   1    87.890   17.307  2.786   2.517   .003   .000  -.025  .005    3.177  -.684   2.352   .000   .000   .000  .000
   155 BPM18      1    87.890   17.307  2.786   2.517   .003   .000  -.025  .005    3.177  -.684   2.352   .000   .000   .000  .000
   156 [000077]   1    88.326   14.974  2.565   2.522   .003   .000  -.023  .005    3.862  -.886   2.372   .000   .000   .000  .000
   157 KH18       1    88.326   14.974  2.565   2.522   .003   .000  -.023  .005    3.862  -.886   2.372   .000   .000   .000  .000
   158 [000078]   1    89.333   10.322  2.055   2.535   .003   .000  -.018  .005    6.115 -1.351   2.405   .000   .000   .000  .000
   159 M18        1    92.208    2.727   .617   2.625  -.017  -.014   .368  .267   17.024 -2.313   2.450   .000   .000   .000  .000
   160 [000079]   1    92.509    2.401   .464   2.643  -.021  -.014   .449  .267   18.453 -2.426   2.453   .000   .000   .000  .000
   161 QD19       1    93.009    2.388  -.438   2.678  -.029  -.021   .619  .420   18.193  2.921   2.457   .000   .000   .000  .000
   162 [000080]   1    93.030    2.407  -.448   2.679  -.030  -.021   .627  .420   18.069  2.910   2.458   .000   .000   .000  .000
   163 BPM19      1    93.030    2.407  -.448   2.679  -.030  -.021   .627  .420   18.069  2.910   2.458   .000   .000   .000  .000
   164 [000081]   1    93.146    2.517  -.506   2.687  -.032  -.021   .676  .420   17.404  2.849   2.459   .000   .000   .000  .000
   165 SD19       1    93.433    2.848  -.649   2.704  -.038  -.021   .796  .420   15.812  2.699   2.461   .000   .000   .000  .000
   166 [000082]   1    93.682    3.204  -.774   2.717  -.043  -.021   .901  .420   14.498  2.568   2.464   .000   .000   .000  .000
   167 KV19       1    93.682    3.204  -.774   2.717  -.043  -.021   .901  .420   14.498  2.568   2.464   .000   .000   .000  .000
   168 [000083]   1    97.223   14.941 -2.541   2.802  -.117  -.021  2.389  .420    2.879   .713   2.556   .000   .000   .000  .000
   169 SF19       1    97.510   16.440 -2.684   2.805  -.123  -.021  2.509  .420    2.512   .562   2.573   .000   .000   .000  .000
   170 [000084]   1    97.630   17.092 -2.744   2.806  -.126  -.021  2.559  .420    2.385   .500   2.581   .000   .000   .000  .000
   171 BPM20      1    97.630   17.092 -2.744   2.806  -.126  -.021  2.559  .420    2.385   .500   2.581   .000   .000   .000  .000
   172 [000085]   1    97.647   17.183 -2.752   2.807  -.126  -.021  2.566  .420    2.369   .491   2.582   .000   .000   .000  .000
   173 QF20       1    98.146   17.182  2.754   2.811  -.126   .020  2.570 -.407    2.359  -.470   2.617   .000   .000   .000  .000
   174 [000086]   1    98.369   15.981  2.643   2.813  -.122   .020  2.479 -.407    2.594  -.585   2.631   .000   .000   .000  .000
   175 KH20       1    98.369   15.981  2.643   2.813  -.122   .020  2.479 -.407    2.594  -.585   2.631   .000   .000   .000  .000
   176 [000087]   1    99.608   10.200  2.024   2.829  -.097   .020  1.975 -.407    4.839 -1.227   2.688   .000   .000   .000  .000
   177 M20        1   102.483    2.711   .606   2.920  -.062   .005  1.186 -.148   15.659 -2.412   2.742   .000   .000   .000  .000
   178 [000088]   1   102.784    2.391   .454   2.938  -.060   .005  1.141 -.148   17.152 -2.543   2.745   .000   .000   .000  .000
   179 QD21       1   103.284    2.388  -.447   2.973  -.062  -.012  1.149  .180   17.193  2.467   2.749   .000   .000   .000  .000
   180 [000089]   1   103.300    2.402  -.455   2.974  -.062  -.012  1.152  .180   17.113  2.460   2.749   .000   .000   .000  .000
   181 BPM21      1   103.300    2.402  -.455   2.974  -.062  -.012  1.152  .180   17.113  2.460   2.749   .000   .000   .000  .000
   182 [000090]   1   103.543    2.653  -.577   2.989  -.065  -.012  1.196  .180   15.942  2.360   2.752   .000   .000   .000  .000
   183 KV21       1   103.543    2.653  -.577   2.989  -.065  -.012  1.196  .180   15.942  2.360   2.752   .000   .000   .000  .000
   184 [000091]   1   104.376    3.964  -.996   3.031  -.075  -.012  1.346  .180   12.296  2.017   2.761   .000   .000   .000  .000
   185 KH21       1   104.376    3.964  -.996   3.031  -.075  -.012  1.346  .180   12.296  2.017   2.761   .000   .000   .000  .000
   186 [000092]   1   104.745    4.767 -1.181   3.044  -.079  -.012  1.413  .180   10.864  1.864   2.766   .000   .000   .000  .000
   187 M21        1   107.620   15.475 -2.575   3.098  -.135  -.027  2.293  .438    3.210   .710   2.847   .000   .000   .000  .000
1ELSA - Electron Stretcher Accelerator                                             "MAD" Version: 8.22/6    Run: 26/05/:8  16.28.16
 Linear lattice functions.    TWISS               line: ELSA                       range: #S/#E                                   
 Delta(p)/p:      .000000     symm: F             super:   1                                                             page     5
 ----------------------------------------------------------------------------------------------------------------------------------
      ELEMENT SEQUENCE       I                H O R I Z O N T A L               I                  V E R T I C A L
 pos.  element occ.     dist I   betax  alfax   mux    x(co)  px(co) Dx    Dpx  I   betay  alfay   muy    y(co)  py(co) Dy    Dpy
 no.   name    no.      [m]  I   [m]    [1]     [2pi]  [mm]   [.001] [m]   [1]  I   [m]    [1]     [2pi]  [mm]   [.001] [m]   [1]
 ----------------------------------------------------------------------------------------------------------------------------------
   188 [000093]   1   107.922   17.073 -2.724   3.101  -.144  -.027  2.425  .438    2.824   .569   2.863   .000   .000   .000  .000
   189 QF22       1   108.421   17.062  2.745   3.105  -.146   .019  2.448 -.347    2.789  -.496   2.893   .000   .000   .000  .000
   190 [000094]   1   108.440   16.960  2.736   3.105  -.146   .019  2.442 -.347    2.808  -.504   2.894   .000   .000   .000  .000
   191 BPM22      1   108.440   16.960  2.736   3.105  -.146   .019  2.442 -.347    2.808  -.504   2.894   .000   .000   .000  .000
   192 [000095]   1   109.456   11.917  2.227   3.117  -.126   .019  2.089 -.347    4.294  -.958   2.941   .000   .000   .000  .000
   193 KV22       1   109.456   11.917  2.227   3.117  -.126   .019  2.089 -.347    4.294  -.958   2.941   .000   .000   .000  .000
   194 [000096]   1   109.566   11.433  2.172   3.118  -.124   .019  2.051 -.347    4.510 -1.007   2.945   .000   .000   .000  .000
   195 KH22       1   109.566   11.433  2.172   3.118  -.124   .019  2.051 -.347    4.510 -1.007   2.945   .000   .000   .000  .000
   196 [000097]   1   109.883   10.106  2.014   3.123  -.118   .019  1.941 -.347    5.193 -1.149   2.955   .000   .000   .000  .000
   197 M22        1   112.758    2.673   .595   3.215  -.087   .003  1.323 -.088   14.983 -2.145   3.008   .000   .000   .000  .000
   198 [000098]   1   113.059    2.361   .442   3.234  -.086   .003  1.297 -.088   16.309 -2.258   3.011   .000   .000   .000  .000
   199 QD23       1   113.559    2.366  -.454   3.269  -.091  -.023  1.347  .291   16.193  2.479   3.016   .000   .000   .000  .000
   200 [000099]   1   113.580    2.386  -.465   3.270  -.092  -.023  1.353  .291   16.088  2.470   3.016   .000   .000   .000  .000
   201 BPM23      1   113.580    2.386  -.465   3.270  -.092  -.023  1.353  .291   16.088  2.470   3.016   .000   .000   .000  .000
   202 [000100]   1   115.020    4.781 -1.199   3.340  -.124  -.023  1.772  .291    9.889  1.834   3.035   .000   .000   .000  .000
   203 M23        1   117.895   15.603 -2.591   3.394  -.214  -.040  2.960  .544    2.720   .580   3.128   .000   .000   .000  .000
   204 [000101]   1   118.197   17.211 -2.741   3.397  -.226  -.040  3.124  .544    2.415   .432   3.147   .000   .000   .000  .000
   205 QF24       1   118.696   17.195  2.772   3.401  -.228   .033  3.144 -.466    2.470  -.547   3.181   .000   .000   .000  .000
   206 [000102]   1   118.720   17.064  2.760   3.401  -.227   .033  3.133 -.466    2.496  -.560   3.182   .000   .000   .000  .000
   207 BPM24      1   118.720   17.064  2.760   3.401  -.227   .033  3.133 -.466    2.496  -.560   3.182   .000   .000   .000  .000
   208 [000103]   1   119.221   14.425  2.507   3.406  -.210   .033  2.900 -.466    3.189  -.823   3.211   .000   .000   .000  .000
   209 KH24       1   119.221   14.425  2.507   3.406  -.210   .033  2.900 -.466    3.189  -.823   3.211   .000   .000   .000  .000
   210 [000104]   1   119.641   12.408  2.295   3.411  -.197   .033  2.704 -.466    3.973 -1.044   3.229   .000   .000   .000  .000
   211 KV23       1   119.641   12.408  2.295   3.411  -.197   .033  2.704 -.466    3.973 -1.044   3.229   .000   .000   .000  .000
   212 [000105]   1   119.811   11.642  2.209   3.414  -.191   .033  2.625 -.466    4.344 -1.134   3.236   .000   .000   .000  .000
   213 KV24       1   119.811   11.642  2.209   3.414  -.191   .033  2.625 -.466    4.344 -1.134   3.236   .000   .000   .000  .000
   214 [000106]   1   120.158   10.170  2.034   3.419  -.180   .033  2.463 -.466    5.194 -1.316   3.248   .000   .000   .000  .000
   215 M24        1   123.033    2.650   .602   3.511  -.112   .014  1.502 -.210   16.614 -2.528   3.298   .000   .000   .000  .000
   216 [000107]   1   123.310    2.356   .460   3.528  -.108   .014  1.444 -.210   18.049 -2.652   3.300   .000   .000   .000  .000
   217 BPM25      1   123.310    2.356   .460   3.528  -.108   .014  1.444 -.210   18.049 -2.652   3.300   .000   .000   .000  .000
   218 [000108]   1   123.334    2.334   .447   3.530  -.108   .014  1.439 -.210   18.178 -2.662   3.301   .000   .000   .000  .000
   219 QD25       1   123.834    2.332  -.443   3.565  -.109  -.017  1.437  .202   18.187  2.645   3.305   .000   .000   .000  .000
   220 [000109]   1   124.135    2.645  -.598   3.585  -.114  -.017  1.498  .202   16.634  2.513   3.308   .000   .000   .000  .000
   221 M25        1   127.010   10.129 -2.025   3.677  -.189  -.036  2.437  .458    5.258  1.317   3.357   .000   .000   .000  .000
   222 [000110]   1   127.354   11.582 -2.198   3.682  -.201  -.036  2.595  .458    4.414  1.138   3.369   .000   .000   .000  .000
   223 KV25       1   127.354   11.582 -2.198   3.682  -.201  -.036  2.595  .458    4.414  1.138   3.369   .000   .000   .000  .000
   224 [000111]   1   128.014   14.704 -2.531   3.690  -.225  -.036  2.897  .458    3.138   .795   3.397   .000   .000   .000  .000
   225 KH25       1   128.014   14.704 -2.531   3.690  -.225  -.036  2.897  .458    3.138   .795   3.397   .000   .000   .000  .000
   226 [000112]   1   128.472   17.126 -2.761   3.695  -.242  -.036  3.106  .458    2.519   .557   3.423   .000   .000   .000  .000
   227 QF26       1   128.971   17.143  2.729   3.699  -.241   .041  3.086 -.539    2.460  -.433   3.456   .000   .000   .000  .000
   228 [000113]   1   128.990   17.041  2.720   3.699  -.240   .041  3.076 -.539    2.476  -.442   3.457   .000   .000   .000  .000
   229 BPM26      1   128.990   17.041  2.720   3.699  -.240   .041  3.076 -.539    2.476  -.442   3.457   .000   .000   .000  .000
   230 [000114]   1   129.273   15.541  2.580   3.702  -.228   .041  2.923 -.539    2.765  -.579   3.475   .000   .000   .000  .000
   231 M26        1   132.148    4.761  1.193   3.756  -.139   .021  1.746 -.287    9.858 -1.811   3.568   .000   .000   .000  .000
   232 [000115]   1   132.533    3.918   .997   3.770  -.131   .021  1.636 -.287   11.317 -1.978   3.574   .000   .000   .000  .000
   233 KV26       1   132.533    3.918   .997   3.770  -.131   .021  1.636 -.287   11.317 -1.978   3.574   .000   .000   .000  .000
   234 [000116]   1   133.185    2.834   .665   3.801  -.118   .021  1.449 -.287   14.082 -2.261   3.582   .000   .000   .000  .000
1ELSA - Electron Stretcher Accelerator                                             "MAD" Version: 8.22/6    Run: 26/05/:8  16.28.16
 Linear lattice functions.    TWISS               line: ELSA                       range: #S/#E                                   
 Delta(p)/p:      .000000     symm: F             super:   1                                                             page     6
 ----------------------------------------------------------------------------------------------------------------------------------
      ELEMENT SEQUENCE       I                H O R I Z O N T A L               I                  V E R T I C A L
 pos.  element occ.     dist I   betax  alfax   mux    x(co)  px(co) Dx    Dpx  I   betay  alfay   muy    y(co)  py(co) Dy    Dpy
 no.   name    no.      [m]  I   [m]    [1]     [2pi]  [mm]   [.001] [m]   [1]  I   [m]    [1]     [2pi]  [mm]   [.001] [m]   [1]
 ----------------------------------------------------------------------------------------------------------------------------------
   235 SD26       1   133.472    2.494   .519   3.818  -.112   .021  1.366 -.287   15.415 -2.386   3.585   .000   .000   .000  .000
   236 [000117]   1   133.590    2.378   .459   3.826  -.109   .021  1.332 -.287   15.985 -2.437   3.586   .000   .000   .000  .000
   237 BPM27      1   133.590    2.378   .459   3.826  -.109   .021  1.332 -.287   15.985 -2.437   3.586   .000   .000   .000  .000
   238 [000118]   1   133.609    2.361   .449   3.827  -.109   .021  1.327 -.287   16.078 -2.445   3.586   .000   .000   .000  .000
   239 QD27       1   134.109    2.359  -.446   3.862  -.106  -.010  1.277  .086   16.178  2.256   3.591   .000   .000   .000  .000
   240 [000119]   1   134.410    2.674  -.599   3.881  -.109  -.010  1.303  .086   14.853  2.142   3.594   .000   .000   .000  .000
   241 M27        1   137.285   10.131 -2.015   3.973  -.169  -.032  1.914  .343    5.122  1.133   3.648   .000   .000   .000  .000
   242 [000120]   1   137.671   11.762 -2.208   3.979  -.181  -.032  2.047  .343    4.313   .961   3.661   .000   .000   .000  .000
   243 KH27       1   137.671   11.762 -2.208   3.979  -.181  -.032  2.047  .343    4.313   .961   3.661   .000   .000   .000  .000
   244 [000121]   1   138.323   14.854 -2.534   3.987  -.201  -.032  2.271  .343    3.250   .670   3.689   .000   .000   .000  .000
   245 SF27       1   138.610   16.350 -2.678   3.990  -.211  -.032  2.370  .343    2.901   .542   3.704   .000   .000   .000  .000
   246 [000122]   1   138.730   17.000 -2.738   3.991  -.214  -.032  2.411  .343    2.778   .489   3.710   .000   .000   .000  .000
   247 BPM28      1   138.730   17.000 -2.738   3.991  -.214  -.032  2.411  .343    2.778   .489   3.710   .000   .000   .000  .000
   248 [000123]   1   138.747   17.091 -2.746   3.991  -.215  -.032  2.416  .343    2.761   .481   3.711   .000   .000   .000  .000
   249 QF28       1   139.246   17.099  2.732   3.995  -.214   .037  2.394 -.431    2.807  -.578   3.741   .000   .000   .000  .000
   250 [000124]   1   139.548   15.496  2.582   3.998  -.202   .037  2.264 -.431    3.200  -.722   3.757   .000   .000   .000  .000
   251 M28        1   142.423    4.732  1.188   4.052  -.129   .014  1.400 -.176   10.998 -1.905   3.837   .000   .000   .000  .000
   252 [000125]   1   143.360    2.953   .710   4.092  -.115   .014  1.235 -.176   14.937 -2.299   3.849   .000   .000   .000  .000
   253 KV28       1   143.360    2.953   .710   4.092  -.115   .014  1.235 -.176   14.937 -2.299   3.849   .000   .000   .000  .000
   254 [000126]   1   143.884    2.349   .443   4.124  -.108   .014  1.143 -.176   17.463 -2.520   3.854   .000   .000   .000  .000
   255 QD29       1   144.384    2.352  -.450   4.159  -.108  -.016  1.137  .151   17.436  2.572   3.859   .000   .000   .000  .000
   256 [000127]   1   144.400    2.366  -.458   4.160  -.108  -.016  1.139  .151   17.353  2.564   3.859   .000   .000   .000  .000
   257 BPM29      1   144.400    2.366  -.458   4.160  -.108  -.016  1.139  .151   17.353  2.564   3.859   .000   .000   .000  .000
   258 [000128]   1   144.685    2.669  -.604   4.178  -.113  -.016  1.182  .151   15.927  2.440   3.862   .000   .000   .000  .000
   259 M29        1   147.560   10.177 -2.026   4.270  -.194  -.040  1.977  .408    4.973  1.248   3.914   .000   .000   .000  .000
   260 [000129]   1   149.022   17.174 -2.760   4.288  -.253  -.040  2.572  .408    2.424   .496   3.983   .000   .000   .000  .000
   261 QF30       1   149.521   17.182  2.744   4.292  -.252   .041  2.569 -.420    2.415  -.477   4.017   .000   .000   .000  .000
   262 [000130]   1   149.540   17.080  2.735   4.292  -.252   .041  2.561 -.420    2.433  -.487   4.018   .000   .000   .000  .000
   263 BPM30      1   149.540   17.080  2.735   4.292  -.252   .041  2.561 -.420    2.433  -.487   4.018   .000   .000   .000  .000
   264 [000131]   1   149.999   14.673  2.507   4.297  -.233   .041  2.368 -.420    2.987  -.720   4.046   .000   .000   .000  .000
   265 KH30       1   149.999   14.673  2.507   4.297  -.233   .041  2.368 -.420    2.987  -.720   4.046   .000   .000   .000  .000
   266 [000132]   1   152.704    4.742  1.164   4.350  -.122   .041  1.231 -.420   10.604 -2.096   4.125   .000   .000   .000  .000
   267 KV30       1   152.704    4.742  1.164   4.350  -.122   .041  1.231 -.420   10.604 -2.096   4.125   .000   .000   .000  .000
   268 [000133]   1   154.159    2.406   .441   4.420  -.062   .041   .619 -.420   17.780 -2.835   4.142   .000   .000   .000  .000
   269 QD31       1   154.659    2.417  -.464   4.454  -.046   .026   .449 -.268   18.016  2.387   4.147   .000   .000   .000  .000
   270 [000134]   1   154.680    2.437  -.475   4.456  -.045   .026   .443 -.268   17.915  2.379   4.147   .000   .000   .000  .000
   271 BPM31      1   154.680    2.437  -.475   4.456  -.045   .026   .443 -.268   17.915  2.379   4.147   .000   .000   .000  .000
   272 [000135]   1   154.960    2.742  -.616   4.473  -.038   .026   .368 -.268   16.612  2.275   4.149   .000   .000   .000  .000
   273 M31        1   157.835   10.297 -2.042   4.563  -.001   .000  -.020 -.005    5.941  1.312   4.196   .000   .000   .000  .000
   274 [000136]   1   158.403   12.779 -2.328   4.571  -.001   .000  -.023 -.005    4.598  1.051   4.214   .000   .000   .000  .000
   275 MSI31      1   159.003   15.753 -2.629   4.578  -.001   .000  -.026 -.005    3.501   .777   4.237   .000   .000   .000  .000
   276 [000137]   1   159.297   17.341 -2.776   4.580  -.001   .000  -.028 -.005    3.085   .642   4.252   .000   .000   .000  .000
   277 QF32       1   159.796   17.339  2.780   4.585  -.001   .001  -.028  .004    3.010  -.484   4.279   .000   .000   .000  .000
   278 [000138]   1   159.820   17.207  2.768   4.585  -.001   .001  -.028  .004    3.033  -.494   4.280   .000   .000   .000  .000
   279 BPM32      1   159.820   17.207  2.768   4.585  -.001   .001  -.028  .004    3.033  -.494   4.280   .000   .000   .000  .000
   280 [000139]   1   161.437    9.570  1.954   4.605   .000   .001  -.022  .004    5.703 -1.157   4.343   .000   .000   .000  .000
   281 KH32       1   161.437    9.570  1.954   4.605   .000   .001  -.022  .004    5.703 -1.157   4.343   .000   .000   .000  .000
1ELSA - Electron Stretcher Accelerator                                             "MAD" Version: 8.22/6    Run: 26/05/:8  16.28.16
 Linear lattice functions.    TWISS               line: ELSA                       range: #S/#E                                   
 Delta(p)/p:      .000000     symm: F             super:   1                                                             page     7
 ----------------------------------------------------------------------------------------------------------------------------------
      ELEMENT SEQUENCE       I                H O R I Z O N T A L               I                  V E R T I C A L
 pos.  element occ.     dist I   betax  alfax   mux    x(co)  px(co) Dx    Dpx  I   betay  alfay   muy    y(co)  py(co) Dy    Dpy
 no.   name    no.      [m]  I   [m]    [1]     [2pi]  [mm]   [.001] [m]   [1]  I   [m]    [1]     [2pi]  [mm]   [.001] [m]   [1]
 ----------------------------------------------------------------------------------------------------------------------------------
   282 [000140]   1   164.400    2.410   .462   4.711   .002   .001  -.011  .004   16.162 -2.372   4.393   .000   .000   .000  .000
   283 ENDM       1   164.400    2.410   .462   4.711   .002   .001  -.011  .004   16.162 -2.372   4.393   .000   .000   .000  .000
 end   ELSA       1   164.400    2.410   .462   4.711   .002   .001  -.011  .004   16.162 -2.372   4.393   .000   .000   .000  .000
 ----------------------------------------------------------------------------------------------------------------------------------
 total length =        164.400000          Qx           =          4.711028          Qy           =          4.393334
 delta(s)     =           .000000 mm       Qx'          =           .000000          Qy'          =           .000000
 alfa         =           .604735E-01      betax(max)   =         17.416081          betay(max)   =         18.658027
 gamma(tr)    =          4.066469          Dx(max)      =          3.240292          Dy(max)      =           .000000
                                           Dx(r.m.s.)   =          1.798099          Dy(r.m.s.)   =           .000000
                                           xco(max)     =           .252506          yco(max)     =           .000000
                                           xco(r.m.s.)  =           .102220          yco(r.m.s.)  =           .000000
 ----------------------------------------------------------------------------------------------------------------------------------
1ELSA - Electron Stretcher Accelerator                                             "MAD" Version: 8.22/6    Run: 26/05/:8  16.28.16
 Linear lattice functions.    TWISS               line: ELSA                       range: #S/#E                                   
 Delta(p)/p:      .000000     symm: F             super:   1                                                             page     1
 ----------------------------------------------------------------------------------------------------------------------------------
      ELEMENT SEQUENCE       I                H O R I Z O N T A L               I                  V E R T I C A L
 pos.  element occ.     dist I   betax  alfax   mux    x(co)  px(co) Dx    Dpx  I   betay  alfay   muy    y(co)  py(co) Dy    Dpy
 no.   name    no.      [m]  I   [m]    [1]     [2pi]  [mm]   [.001] [m]   [1]  I   [m]    [1]     [2pi]  [mm]   [.001] [m]   [1]
 ----------------------------------------------------------------------------------------------------------------------------------
 begin ELSA       1      .000    2.432   .469    .000   .000   .000  -.010  .001   15.598 -2.282    .000   .000   .000   .000  .000
     1 START      1      .000    2.432   .469    .000   .000   .000  -.010  .001   15.598 -2.282    .000   .000   .000   .000  .000
     2 [000000]   1      .034    2.401   .452    .002   .000   .000  -.010  .001   15.755 -2.295    .000   .000   .000   .000  .000
     3 QD1        1      .534    2.401  -.452    .036   .000   .000  -.010 -.001   15.754  2.296    .005   .000   .000   .000  .000
     4 [000001]   1      .550    2.415  -.460    .038   .000   .000  -.010 -.001   15.680  2.289    .005   .000   .000   .000  .000
     5 BPM01      1      .550    2.415  -.460    .038   .000   .000  -.010 -.001   15.680  2.289    .005   .000   .000   .000  .000
     6 [000002]   1      .829    2.711  -.600    .055   .000   .000  -.010 -.001   14.434  2.178    .008   .000   .000   .000  .000
     7 KV01       1      .829    2.711  -.600    .055   .000   .000  -.010 -.001   14.434  2.178    .008   .000   .000   .000  .000
     8 [000003]   1     5.172   17.375 -2.777    .164   .000   .000  -.016 -.001    3.021   .450    .123   .000   .000   .000  .000
     9 QF2        1     5.671   17.368  2.790    .168   .000   .000  -.016  .004    3.133  -.685    .149   .000   .000   .000  .000
    10 [000004]   1     5.690   17.265  2.780    .169   .000   .000  -.015  .004    3.159  -.694    .150   .000   .000   .000  .000
    11 BPM02      1     5.690   17.265  2.780    .169   .000   .000  -.015  .004    3.159  -.694    .150   .000   .000   .000  .000
    12 [000005]   1     6.773   11.835  2.233    .181   .000   .000  -.011  .004    5.212 -1.202    .193   .000   .000   .000  .000
    13 KH02       1     6.773   11.835  2.233    .181   .000   .000  -.011  .004    5.212 -1.202    .193   .000   .000   .000  .000
    14 [000006]   1     7.133   10.294  2.051    .186   .000   .000  -.010  .004    6.137 -1.371    .203   .000   .000   .000  .000
    15 M2         1    10.008    2.722   .613    .276  -.001  -.001   .375  .267   17.208 -2.347    .248   .000   .000   .000  .000
    16 [000007]   1    10.309    2.398   .461    .295  -.001  -.001   .455  .267   18.658 -2.461    .251   .000   .000   .000  .000
    17 QD3        1    10.809    2.388  -.441    .329  -.001  -.001   .625  .422   18.403  2.947    .255   .000   .000   .000  .000
    18 [000008]   1    10.830    2.407  -.451    .331  -.001  -.001   .634  .422   18.279  2.936    .256   .000   .000   .000  .000
    19 BPM03      1    10.830    2.407  -.451    .331  -.001  -.001   .634  .422   18.279  2.936    .256   .000   .000   .000  .000
    20 [000009]   1    10.946    2.518  -.509    .338  -.001  -.001   .683  .422   17.608  2.875    .257   .000   .000   .000  .000
    21 SD3        1    11.233    2.851  -.653    .355  -.002  -.001   .804  .422   16.001  2.724    .259   .000   .000   .000  .000
    22 [000010]   1    11.719    3.604  -.896    .379  -.002  -.001  1.009  .422   13.475  2.468    .265   .000   .000   .000  .000
    23 KV03       1    11.719    3.604  -.896    .379  -.002  -.001  1.009  .422   13.475  2.468    .265   .000   .000   .000  .000
    24 [000011]   1    14.152   10.923 -2.112    .443  -.004  -.001  2.035  .422    4.581  1.188    .315   .000   .000   .000  .000
    25 KH03       1    14.152   10.923 -2.112    .443  -.004  -.001  2.035  .422    4.581  1.188    .315   .000   .000   .000  .000
    26 [000012]   1    15.447   17.232 -2.760    .458  -.005  -.001  2.581  .422    2.388   .506    .379   .000   .000   .000  .000
    27 QF4        1    15.946   17.231  2.762    .462  -.005   .001  2.584 -.410    2.365  -.458    .413   .000   .000   .000  .000
    28 [000013]   1    15.970   17.100  2.750    .463  -.005   .001  2.575 -.410    2.386  -.470    .415   .000   .000   .000  .000
    29 BPM04      1    15.970   17.100  2.750    .463  -.005   .001  2.575 -.410    2.386  -.470    .415   .000   .000   .000  .000
    30 [000014]   1    16.083   16.485  2.693    .464  -.005   .001  2.528 -.410    2.499  -.527    .422   .000   .000   .000  .000
    31 SF4        1    16.370   14.981  2.550    .466  -.005   .001  2.411 -.410    2.844  -.674    .439   .000   .000   .000  .000
    32 [000015]   1    16.632   13.679  2.418    .469  -.005   .001  2.303 -.410    3.232  -.808    .453   .000   .000   .000  .000
    33 KH04       1    16.632   13.679  2.418    .469  -.005   .001  2.303 -.410    3.232  -.808    .453   .000   .000   .000  .000
    34 [000016]   1    17.408   10.228  2.030    .480  -.004   .001  1.985 -.410    4.794 -1.205    .485   .000   .000   .000  .000
    35 M4         1    20.283    2.732   .607    .570  -.004  -.001  1.193 -.147   15.389 -2.353    .539   .000   .000   .000  .000
    36 [000017]   1    20.584    2.412   .456    .589  -.004  -.001  1.149 -.147   16.846 -2.482    .542   .000   .000   .000  .000
    37 QD5        1    21.084    2.408  -.449    .623  -.005  -.002  1.158  .183   16.871  2.435    .547   .000   .000   .000  .000
    38 [000018]   1    21.100    2.423  -.457    .624  -.005  -.002  1.161  .183   16.792  2.429    .547   .000   .000   .000  .000
    39 BPM05      1    21.100    2.423  -.457    .624  -.005  -.002  1.161  .183   16.792  2.429    .547   .000   .000   .000  .000
    40 [000019]   1    21.334    2.664  -.574    .639  -.005  -.002  1.204  .183   15.678  2.333    .549   .000   .000   .000  .000
    41 KV05       1    21.334    2.664  -.574    .639  -.005  -.002  1.204  .183   15.678  2.333    .549   .000   .000   .000  .000
    42 [000020]   1    22.545    4.786 -1.178    .694  -.008  -.002  1.426  .183   10.630  1.835    .564   .000   .000   .000  .000
    43 M5         1    25.420   15.505 -2.592    .747  -.018  -.005  2.321  .446    3.121   .687    .647   .000   .000   .000  .000
    44 [000021]   1    25.722   17.113 -2.742    .750  -.019  -.005  2.455  .446    2.750   .545    .664   .000   .000   .000  .000
    45 QF6        1    26.221   17.113  2.741    .755  -.020   .002  2.480 -.349    2.730  -.503    .694   .000   .000   .000  .000
    46 [000022]   1    26.240   17.011  2.732    .755  -.020   .002  2.474 -.349    2.749  -.512    .695   .000   .000   .000  .000
1ELSA - Electron Stretcher Accelerator                                             "MAD" Version: 8.22/6    Run: 26/05/:8  16.28.16
 Linear lattice functions.    TWISS               line: ELSA                       range: #S/#E                                   
 Delta(p)/p:      .000000     symm: F             super:   1                                                             page     2
 ----------------------------------------------------------------------------------------------------------------------------------
      ELEMENT SEQUENCE       I                H O R I Z O N T A L               I                  V E R T I C A L
 pos.  element occ.     dist I   betax  alfax   mux    x(co)  px(co) Dx    Dpx  I   betay  alfay   muy    y(co)  py(co) Dy    Dpy
 no.   name    no.      [m]  I   [m]    [1]     [2pi]  [mm]   [.001] [m]   [1]  I   [m]    [1]     [2pi]  [mm]   [.001] [m]   [1]
 ----------------------------------------------------------------------------------------------------------------------------------
    47 BPM06      1    26.240   17.011  2.732    .755  -.020   .002  2.474 -.349    2.749  -.512    .695   .000   .000   .000  .000
    48 [000023]   1    27.222   12.125  2.244    .766  -.018   .002  2.131 -.349    4.197  -.963    .741   .000   .000   .000  .000
    49 KH06       1    27.222   12.125  2.244    .766  -.018   .002  2.131 -.349    4.197  -.963    .741   .000   .000   .000  .000
    50 [000024]   1    27.683   10.164  2.014    .772  -.018   .002  1.971 -.349    5.182 -1.174    .757   .000   .000   .000  .000
    51 M6         1    30.558    2.729   .601    .863  -.019  -.002  1.353 -.086   15.157 -2.177    .810   .000   .000   .000  .000
    52 [000025]   1    30.859    2.412   .450    .882  -.019  -.002  1.327 -.086   16.504 -2.291    .813   .000   .000   .000  .000
    53 QD7        1    31.359    2.414  -.455    .916  -.022  -.008  1.380  .302   16.393  2.504    .817   .000   .000   .000  .000
    54 [000026]   1    31.380    2.434  -.466    .917  -.022  -.008  1.387  .302   16.287  2.495    .818   .000   .000   .000  .000
    55 BPM07      1    31.380    2.434  -.466    .917  -.022  -.008  1.387  .302   16.287  2.495    .818   .000   .000   .000  .000
    56 [000027]   1    31.609    2.674  -.581    .932  -.024  -.008  1.456  .302   15.168  2.393    .820   .000   .000   .000  .000
    57 KV07       1    31.609    2.674  -.581    .932  -.024  -.008  1.456  .302   15.168  2.393    .820   .000   .000   .000  .000
    58 [000028]   1    32.185    3.508  -.869    .962  -.029  -.008  1.629  .302   12.558  2.138    .827   .000   .000   .000  .000
    59 KH08       1    32.185    3.508  -.869    .962  -.029  -.008  1.629  .302   12.558  2.138    .827   .000   .000   .000  .000
    60 [000029]   1    32.460    4.024 -1.006    .973  -.031  -.008  1.712  .302   11.415  2.016    .830   .000   .000   .000  .000
    61 KH07       1    32.460    4.024 -1.006    .973  -.031  -.008  1.712  .302   11.415  2.016    .830   .000   .000   .000  .000
    62 [000030]   1    32.820    4.813 -1.186    .986  -.034  -.008  1.821  .302   10.021  1.856    .836   .000   .000   .000  .000
    63 M7         1    35.695   15.565 -2.591   1.040  -.064  -.013  3.049  .562    2.715   .600    .929   .000   .000   .000  .000
    64 [000031]   1    35.997   17.173 -2.741   1.043  -.068  -.013  3.219  .562    2.399   .449    .947   .000   .000   .000  .000
    65 QF8        1    36.496   17.163  2.760   1.047  -.069   .009  3.240 -.478    2.435  -.524    .982   .000   .000   .000  .000
    66 [000032]   1    36.520   17.032  2.748   1.047  -.069   .009  3.229 -.478    2.460  -.537    .983   .000   .000   .000  .000
    67 BPM08      1    36.520   17.032  2.748   1.047  -.069   .009  3.229 -.478    2.460  -.537    .983   .000   .000   .000  .000
    68 [000033]   1    37.567   11.828  2.223   1.059  -.059   .009  2.729 -.478    4.158 -1.085   1.036   .000   .000   .000  .000
    69 KV08       1    37.567   11.828  2.223   1.059  -.059   .009  2.729 -.478    4.158 -1.085   1.036   .000   .000   .000  .000
    70 [000034]   1    37.958   10.168  2.026   1.065  -.056   .009  2.542 -.478    5.086 -1.290   1.050   .000   .000   .000  .000
    71 M8         1    40.833    2.693   .600   1.156  -.038   .003  1.554 -.217   16.265 -2.468   1.101   .000   .000   .000  .000
    72 [000035]   1    41.134    2.377   .448   1.175  -.037   .003  1.489 -.217   17.793 -2.599   1.104   .000   .000   .000  .000
    73 QD9        1    41.634    2.379  -.451   1.210  -.038  -.008  1.487  .209   17.796  2.594   1.108   .000   .000   .000  .000
    74 [000036]   1    41.650    2.393  -.459   1.211  -.039  -.008  1.490  .209   17.712  2.587   1.108   .000   .000   .000  .000
    75 BPM09      1    41.650    2.393  -.459   1.211  -.039  -.008  1.490  .209   17.712  2.587   1.108   .000   .000   .000  .000
    76 [000037]   1    41.935    2.696  -.603   1.229  -.041  -.008  1.550  .209   16.272  2.463   1.111   .000   .000   .000  .000
    77 M9         1    44.810   10.190 -2.029   1.320  -.073  -.015  2.515  .470    5.110  1.289   1.162   .000   .000   .000  .000
    78 [000038]   1    45.177   11.747 -2.214   1.325  -.078  -.015  2.688  .470    4.235  1.098   1.175   .000   .000   .000  .000
    79 KV09       1    45.177   11.747 -2.214   1.325  -.078  -.015  2.688  .470    4.235  1.098   1.175   .000   .000   .000  .000
    80 [000039]   1    45.822   14.811 -2.538   1.333  -.087  -.015  2.991  .470    3.035   .762   1.203   .000   .000   .000  .000
    81 KH09       1    45.822   14.811 -2.538   1.333  -.087  -.015  2.991  .470    3.035   .762   1.203   .000   .000   .000  .000
    82 [000040]   1    46.272   17.195 -2.763   1.337  -.094  -.015  3.202  .470    2.454   .528   1.230   .000   .000   .000  .000
    83 QF10       1    46.771   17.203  2.748   1.342  -.094   .016  3.180 -.558    2.417  -.449   1.263   .000   .000   .000  .000
    84 [000041]   1    46.790   17.101  2.739   1.342  -.093   .016  3.170 -.558    2.434  -.459   1.265   .000   .000   .000  .000
    85 BPM10      1    46.790   17.101  2.739   1.342  -.093   .016  3.170 -.558    2.434  -.459   1.265   .000   .000   .000  .000
    86 [000042]   1    47.073   15.592  2.598   1.345  -.089   .016  3.012 -.558    2.733  -.599   1.282   .000   .000   .000  .000
    87 M10        1    49.948    4.803  1.191   1.398  -.056   .008  1.794 -.299   10.017 -1.850   1.375   .000   .000   .000  .000
    88 [000043]   1    50.724    3.257   .800   1.429  -.050   .008  1.562 -.299   13.155 -2.193   1.386   .000   .000   .000  .000
    89 KV10       1    50.724    3.257   .800   1.429  -.050   .008  1.562 -.299   13.155 -2.193   1.386   .000   .000   .000  .000
    90 [000044]   1    50.985    2.873   .668   1.443  -.048   .008  1.484 -.299   14.332 -2.308   1.389   .000   .000   .000  .000
    91 SD10       1    51.272    2.531   .524   1.460  -.046   .008  1.398 -.299   15.693 -2.435   1.392   .000   .000   .000  .000
    92 [000045]   1    51.390    2.415   .465   1.468  -.045   .008  1.363 -.299   16.271 -2.487   1.393   .000   .000   .000  .000
    93 BPM11      1    51.390    2.415   .465   1.468  -.045   .008  1.363 -.299   16.271 -2.487   1.393   .000   .000   .000  .000
1ELSA - Electron Stretcher Accelerator                                             "MAD" Version: 8.22/6    Run: 26/05/:8  16.28.16
 Linear lattice functions.    TWISS               line: ELSA                       range: #S/#E                                   
 Delta(p)/p:      .000000     symm: F             super:   1                                                             page     3
 ----------------------------------------------------------------------------------------------------------------------------------
      ELEMENT SEQUENCE       I                H O R I Z O N T A L               I                  V E R T I C A L
 pos.  element occ.     dist I   betax  alfax   mux    x(co)  px(co) Dx    Dpx  I   betay  alfay   muy    y(co)  py(co) Dy    Dpy
 no.   name    no.      [m]  I   [m]    [1]     [2pi]  [mm]   [.001] [m]   [1]  I   [m]    [1]     [2pi]  [mm]   [.001] [m]   [1]
 ----------------------------------------------------------------------------------------------------------------------------------
    94 [000046]   1    51.409    2.397   .455   1.469  -.045   .008  1.357 -.299   16.367 -2.495   1.393   .000   .000   .000  .000
    95 QD11       1    51.909    2.394  -.447   1.503  -.044  -.005  1.304  .083   16.473  2.292   1.398   .000   .000   .000  .000
    96 [000047]   1    52.210    2.709  -.598   1.522  -.046  -.005  1.329  .083   15.126  2.178   1.401   .000   .000   .000  .000
    97 M11        1    55.085   10.137 -2.011   1.613  -.074  -.014  1.935  .344    5.175  1.168   1.454   .000   .000   .000  .000
    98 [000048]   1    55.862   13.562 -2.398   1.624  -.085  -.014  2.202  .344    3.636   .813   1.482   .000   .000   .000  .000
    99 KH11       1    55.862   13.562 -2.398   1.624  -.085  -.014  2.202  .344    3.636   .813   1.482   .000   .000   .000  .000
   100 [000049]   1    56.123   14.847 -2.528   1.627  -.089  -.014  2.292  .344    3.243   .694   1.494   .000   .000   .000  .000
   101 SF11       1    56.410   16.339 -2.670   1.630  -.093  -.014  2.391  .344    2.882   .563   1.509   .000   .000   .000  .000
   102 [000050]   1    56.530   16.987 -2.730   1.631  -.095  -.014  2.432  .344    2.754   .508   1.516   .000   .000   .000  .000
   103 BPM12      1    56.530   16.987 -2.730   1.631  -.095  -.014  2.432  .344    2.754   .508   1.516   .000   .000   .000  .000
   104 [000051]   1    56.547   17.079 -2.738   1.631  -.095  -.014  2.438  .344    2.737   .500   1.517   .000   .000   .000  .000
   105 QF12       1    57.046   17.081  2.734   1.635  -.094   .016  2.414 -.438    2.761  -.550   1.547   .000   .000   .000  .000
   106 [000052]   1    57.348   15.478  2.585   1.638  -.090   .016  2.282 -.438    3.135  -.693   1.563   .000   .000   .000  .000
   107 M12        1    60.223    4.758  1.180   1.692  -.058   .006  1.407 -.177   10.705 -1.853   1.646   .000   .000   .000  .000
   108 [000053]   1    61.434    2.637   .571   1.748  -.051   .006  1.193 -.177   15.801 -2.354   1.661   .000   .000   .000  .000
   109 KV12       1    61.434    2.637   .571   1.748  -.051   .006  1.193 -.177   15.801 -2.354   1.661   .000   .000   .000  .000
   110 [000054]   1    61.684    2.383   .445   1.764  -.049   .006  1.148 -.177   17.004 -2.458   1.663   .000   .000   .000  .000
   111 QD13       1    62.184    2.388  -.455   1.798  -.050  -.008  1.142  .151   16.983  2.499   1.668   .000   .000   .000  .000
   112 [000055]   1    62.200    2.403  -.463   1.799  -.050  -.008  1.144  .151   16.902  2.492   1.668   .000   .000   .000  .000
   113 BPM13      1    62.200    2.403  -.463   1.799  -.050  -.008  1.144  .151   16.902  2.492   1.668   .000   .000   .000  .000
   114 [000056]   1    62.485    2.709  -.608   1.817  -.052  -.008  1.187  .151   15.515  2.370   1.671   .000   .000   .000  .000
   115 M13        1    65.360   10.219 -2.030   1.908  -.092  -.019  1.986  .411    4.859  1.212   1.725   .000   .000   .000  .000
   116 [000057]   1    66.147   13.724 -2.424   1.918  -.107  -.019  2.310  .411    3.266   .812   1.756   .000   .000   .000  .000
   117 KH13       1    66.147   13.724 -2.424   1.918  -.107  -.019  2.310  .411    3.266   .812   1.756   .000   .000   .000  .000
   118 [000058]   1    66.822   17.222 -2.762   1.925  -.120  -.019  2.588  .411    2.401   .469   1.795   .000   .000   .000  .000
   119 QF14       1    67.321   17.225  2.757   1.930  -.120   .019  2.585 -.422    2.416  -.502   1.829   .000   .000   .000  .000
   120 [000059]   1    67.340   17.122  2.748   1.930  -.120   .019  2.577 -.422    2.435  -.511   1.830   .000   .000   .000  .000
   121 BPM14      1    67.340   17.122  2.748   1.930  -.120   .019  2.577 -.422    2.435  -.511   1.830   .000   .000   .000  .000
   122 [000060]   1    71.139    3.451   .851   2.012  -.047   .019   .975 -.422   13.796 -2.479   1.944   .000   .000   .000  .000
   123 KH14       1    71.139    3.451   .851   2.012  -.047   .019   .975 -.422   13.796 -2.479   1.944   .000   .000   .000  .000
   124 [000061]   1    71.494    2.910   .673   2.030  -.040   .019   .826 -.422   15.621 -2.663   1.948   .000   .000   .000  .000
   125 KV14       1    71.494    2.910   .673   2.030  -.040   .019   .826 -.422   15.621 -2.663   1.948   .000   .000   .000  .000
   126 [000062]   1    71.959    2.392   .441   2.058  -.031   .019   .629 -.422   18.211 -2.904   1.952   .000   .000   .000  .000
   127 QD15       1    72.459    2.401  -.461   2.092  -.023   .011   .460 -.266   18.452  2.446   1.957   .000   .000   .000  .000
   128 [000063]   1    72.480    2.421  -.472   2.094  -.023   .011   .454 -.266   18.349  2.438   1.957   .000   .000   .000  .000
   129 BPM15      1    72.480    2.421  -.472   2.094  -.023   .011   .454 -.266   18.349  2.438   1.957   .000   .000   .000  .000
   130 [000064]   1    72.760    2.725  -.614   2.111  -.020   .011   .380 -.266   17.012  2.332   1.959   .000   .000   .000  .000
   131 M15        1    75.635   10.290 -2.048   2.201  -.005  -.001  -.002 -.002    6.048  1.352   2.005   .000   .000   .000  .000
   132 [000065]   1    76.397   13.703 -2.432   2.212  -.005  -.001  -.004 -.002    4.260   .996   2.029   .000   .000   .000  .000
   133 KH15       1    76.397   13.703 -2.432   2.212  -.005  -.001  -.004 -.002    4.260   .996   2.029   .000   .000   .000  .000
   134 [000066]   1    77.097   17.353 -2.785   2.219  -.006  -.001  -.005 -.002    3.096   .669   2.060   .000   .000   .000  .000
   135 QF16       1    77.596   17.357  2.777   2.223  -.006   .001  -.006 -.001    2.996  -.458   2.087   .000   .000   .000  .000
   136 [000067]   1    77.620   17.226  2.765   2.224  -.006   .001  -.006 -.001    3.018  -.468   2.088   .000   .000   .000  .000
   137 BPM16      1    77.620   17.226  2.765   2.224  -.006   .001  -.006 -.001    3.018  -.468   2.088   .000   .000   .000  .000
   138 [000068]   1    78.984   10.617  2.080   2.240  -.005   .001  -.007 -.001    5.045 -1.019   2.145   .000   .000   .000  .000
   139 PETRA1     1    80.584    5.244  1.277   2.274  -.003   .001  -.008 -.001    9.339 -1.665   2.182   .000   .000   .000  .000
   140 [000069]   1    81.282    3.705   .927   2.299  -.002   .001  -.008 -.001   11.860 -1.947   2.193   .000   .000   .000  .000
1ELSA - Electron Stretcher Accelerator                                             "MAD" Version: 8.22/6    Run: 26/05/:8  16.28.16
 Linear lattice functions.    TWISS               line: ELSA                       range: #S/#E                                   
 Delta(p)/p:      .000000     symm: F             super:   1                                                             page     4
 ----------------------------------------------------------------------------------------------------------------------------------
      ELEMENT SEQUENCE       I                H O R I Z O N T A L               I                  V E R T I C A L
 pos.  element occ.     dist I   betax  alfax   mux    x(co)  px(co) Dx    Dpx  I   betay  alfay   muy    y(co)  py(co) Dy    Dpy
 no.   name    no.      [m]  I   [m]    [1]     [2pi]  [mm]   [.001] [m]   [1]  I   [m]    [1]     [2pi]  [mm]   [.001] [m]   [1]
 ----------------------------------------------------------------------------------------------------------------------------------
   141 KH16       1    81.282    3.705   .927   2.299  -.002   .001  -.008 -.001   11.860 -1.947   2.193   .000   .000   .000  .000
   142 [000070]   1    82.210    2.417   .461   2.350  -.001   .001  -.009 -.001   15.821 -2.321   2.204   .000   .000   .000  .000
   143 BPM17      1    82.210    2.417   .461   2.350  -.001   .001  -.009 -.001   15.821 -2.321   2.204   .000   .000   .000  .000
   144 [000071]   1    82.234    2.395   .449   2.351  -.001   .001  -.009 -.001   15.933 -2.331   2.204   .000   .000   .000  .000
   145 QD17       1    82.734    2.397  -.453   2.385  -.001   .001  -.010 -.003   15.942  2.314   2.209   .000   .000   .000  .000
   146 [000072]   1    82.881    2.541  -.527   2.395   .000   .001  -.011 -.003   15.270  2.255   2.210   .000   .000   .000  .000
   147 KV17       1    82.881    2.541  -.527   2.395   .000   .001  -.011 -.003   15.270  2.255   2.210   .000   .000   .000  .000
   148 [000073]   1    83.184    2.906  -.679   2.413   .000   .001  -.012 -.003   13.940  2.134   2.214   .000   .000   .000  .000
   149 PETRA2     1    84.784    6.368 -1.484   2.473   .001   .001  -.017 -.003    8.129  1.497   2.238   .000   .000   .000  .000
   150 [000074]   1    85.022    7.103 -1.604   2.479   .001   .001  -.018 -.003    7.439  1.402   2.242   .000   .000   .000  .000
   151 KV18       1    85.022    7.103 -1.604   2.479   .001   .001  -.018 -.003    7.439  1.402   2.242   .000   .000   .000  .000
   152 [000075]   1    87.372   17.416 -2.785   2.513   .003   .001  -.026 -.003    3.052   .465   2.325   .000   .000   .000  .000
   153 QF18       1    87.871   17.411  2.795   2.517   .003   .000  -.025  .005    3.152  -.676   2.351   .000   .000   .000  .000
   154 [000076]   1    87.890   17.307  2.786   2.517   .003   .000  -.025  .005    3.177  -.684   2.352   .000   .000   .000  .000
   155 BPM18      1    87.890   17.307  2.786   2.517   .003   .000  -.025  .005    3.177  -.684   2.352   .000   .000   .000  .000
   156 [000077]   1    88.326   14.974  2.565   2.522   .003   .000  -.023  .005    3.862  -.886   2.372   .000   .000   .000  .000
   157 KH18       1    88.326   14.974  2.565   2.522   .003   .000  -.023  .005    3.862  -.886   2.372   .000   .000   .000  .000
   158 [000078]   1    89.333   10.322  2.055   2.535   .003   .000  -.018  .005    6.115 -1.351   2.405   .000   .000   .000  .000
   159 M18        1    92.208    2.727   .617   2.625  -.017  -.014   .368  .267   17.024 -2.313   2.450   .000   .000   .000  .000
   160 [000079]   1    92.509    2.401   .464   2.643  -.021  -.014   .449  .267   18.453 -2.426   2.453   .000   .000   .000  .000
   161 QD19       1    93.009    2.388  -.438   2.678  -.029  -.021   .619  .420   18.193  2.921   2.457   .000   .000   .000  .000
   162 [000080]   1    93.030    2.407  -.448   2.679  -.030  -.021   .627  .420   18.069  2.910   2.458   .000   .000   .000  .000
   163 BPM19      1    93.030    2.407  -.448   2.679  -.030  -.021   .627  .420   18.069  2.910   2.458   .000   .000   .000  .000
   164 [000081]   1    93.146    2.517  -.506   2.687  -.032  -.021   .676  .420   17.404  2.849   2.459   .000   .000   .000  .000
   165 SD19       1    93.433    2.848  -.649   2.704  -.038  -.021   .796  .420   15.812  2.699   2.461   .000   .000   .000  .000
   166 [000082]   1    93.682    3.204  -.774   2.717  -.043  -.021   .901  .420   14.498  2.568   2.464   .000   .000   .000  .000
   167 KV19       1    93.682    3.204  -.774   2.717  -.043  -.021   .901  .420   14.498  2.568   2.464   .000   .000   .000  .000
   168 [000083]   1    97.223   14.941 -2.541   2.802  -.117  -.021  2.389  .420    2.879   .713   2.556   .000   .000   .000  .000
   169 SF19       1    97.510   16.440 -2.684   2.805  -.123  -.021  2.509  .420    2.512   .562   2.573   .000   .000   .000  .000
   170 [000084]   1    97.630   17.092 -2.744   2.806  -.126  -.021  2.559  .420    2.385   .500   2.581   .000   .000   .000  .000
   171 BPM20      1    97.630   17.092 -2.744   2.806  -.126  -.021  2.559  .420    2.385   .500   2.581   .000   .000   .000  .000
   172 [000085]   1    97.647   17.183 -2.752   2.807  -.126  -.021  2.566  .420    2.369   .491   2.582   .000   .000   .000  .000
   173 QF20       1    98.146   17.182  2.754   2.811  -.126   .020  2.570 -.407    2.359  -.470   2.617   .000   .000   .000  .000
   174 [000086]   1    98.369   15.981  2.643   2.813  -.122   .020  2.479 -.407    2.594  -.585   2.631   .000   .000   .000  .000
   175 KH20       1    98.369   15.981  2.643   2.813  -.122   .020  2.479 -.407    2.594  -.585   2.631   .000   .000   .000  .000
   176 [000087]   1    99.608   10.200  2.024   2.829  -.097   .020  1.975 -.407    4.839 -1.227   2.688   .000   .000   .000  .000
   177 M20        1   102.483    2.711   .606   2.920  -.062   .005  1.186 -.148   15.659 -2.412   2.742   .000   .000   .000  .000
   178 [000088]   1   102.784    2.391   .454   2.938  -.060   .005  1.141 -.148   17.152 -2.543   2.745   .000   .000   .000  .000
   179 QD21       1   103.284    2.388  -.447   2.973  -.062  -.012  1.149  .180   17.193  2.467   2.749   .000   .000   .000  .000
   180 [000089]   1   103.300    2.402  -.455   2.974  -.062  -.012  1.152  .180   17.113  2.460   2.749   .000   .000   .000  .000
   181 BPM21      1   103.300    2.402  -.455   2.974  -.062  -.012  1.152  .180   17.113  2.460   2.749   .000   .000   .000  .000
   182 [000090]   1   103.543    2.653  -.577   2.989  -.065  -.012  1.196  .180   15.942  2.360   2.752   .000   .000   .000  .000
   183 KV21       1   103.543    2.653  -.577   2.989  -.065  -.012  1.196  .180   15.942  2.360   2.752   .000   .000   .000  .000
   184 [000091]   1   104.376    3.964  -.996   3.031  -.075  -.012  1.346  .180   12.296  2.017   2.761   .000   .000   .000  .000
   185 KH21       1   104.376    3.964  -.996   3.031  -.075  -.012  1.346  .180   12.296  2.017   2.761   .000   .000   .000  .000
   186 [000092]   1   104.745    4.767 -1.181   3.044  -.079  -.012  1.413  .180   10.864  1.864   2.766   .000   .000   .000  .000
   187 M21        1   107.620   15.475 -2.575   3.098  -.135  -.027  2.293  .438    3.210   .710   2.847   .000   .000   .000  .000
1ELSA - Electron Stretcher Accelerator                                             "MAD" Version: 8.22/6    Run: 26/05/:8  16.28.16
 Linear lattice functions.    TWISS               line: ELSA                       range: #S/#E                                   
 Delta(p)/p:      .000000     symm: F             super:   1                                                             page     5
 ----------------------------------------------------------------------------------------------------------------------------------
      ELEMENT SEQUENCE       I                H O R I Z O N T A L               I                  V E R T I C A L
 pos.  element occ.     dist I   betax  alfax   mux    x(co)  px(co) Dx    Dpx  I   betay  alfay   muy    y(co)  py(co) Dy    Dpy
 no.   name    no.      [m]  I   [m]    [1]     [2pi]  [mm]   [.001] [m]   [1]  I   [m]    [1]     [2pi]  [mm]   [.001] [m]   [1]
 ----------------------------------------------------------------------------------------------------------------------------------
   188 [000093]   1   107.922   17.073 -2.724   3.101  -.144  -.027  2.425  .438    2.824   .569   2.863   .000   .000   .000  .000
   189 QF22       1   108.421   17.062  2.745   3.105  -.146   .019  2.448 -.347    2.789  -.496   2.893   .000   .000   .000  .000
   190 [000094]   1   108.440   16.960  2.736   3.105  -.146   .019  2.442 -.347    2.808  -.504   2.894   .000   .000   .000  .000
   191 BPM22      1   108.440   16.960  2.736   3.105  -.146   .019  2.442 -.347    2.808  -.504   2.894   .000   .000   .000  .000
   192 [000095]   1   109.456   11.917  2.227   3.117  -.126   .019  2.089 -.347    4.294  -.958   2.941   .000   .000   .000  .000
   193 KV22       1   109.456   11.917  2.227   3.117  -.126   .019  2.089 -.347    4.294  -.958   2.941   .000   .000   .000  .000
   194 [000096]   1   109.566   11.433  2.172   3.118  -.124   .019  2.051 -.347    4.510 -1.007   2.945   .000   .000   .000  .000
   195 KH22       1   109.566   11.433  2.172   3.118  -.124   .019  2.051 -.347    4.510 -1.007   2.945   .000   .000   .000  .000
   196 [000097]   1   109.883   10.106  2.014   3.123  -.118   .019  1.941 -.347    5.193 -1.149   2.955   .000   .000   .000  .000
   197 M22        1   112.758    2.673   .595   3.215  -.087   .003  1.323 -.088   14.983 -2.145   3.008   .000   .000   .000  .000
   198 [000098]   1   113.059    2.361   .442   3.234  -.086   .003  1.297 -.088   16.309 -2.258   3.011   .000   .000   .000  .000
   199 QD23       1   113.559    2.366  -.454   3.269  -.091  -.023  1.347  .291   16.193  2.479   3.016   .000   .000   .000  .000
   200 [000099]   1   113.580    2.386  -.465   3.270  -.092  -.023  1.353  .291   16.088  2.470   3.016   .000   .000   .000  .000
   201 BPM23      1   113.580    2.386  -.465   3.270  -.092  -.023  1.353  .291   16.088  2.470   3.016   .000   .000   .000  .000
   202 [000100]   1   115.020    4.781 -1.199   3.340  -.124  -.023  1.772  .291    9.889  1.834   3.035   .000   .000   .000  .000
   203 M23        1   117.895   15.603 -2.591   3.394  -.214  -.040  2.960  .544    2.720   .580   3.128   .000   .000   .000  .000
   204 [000101]   1   118.197   17.211 -2.741   3.397  -.226  -.040  3.124  .544    2.415   .432   3.147   .000   .000   .000  .000
   205 QF24       1   118.696   17.195  2.772   3.401  -.228   .033  3.144 -.466    2.470  -.547   3.181   .000   .000   .000  .000
   206 [000102]   1   118.720   17.064  2.760   3.401  -.227   .033  3.133 -.466    2.496  -.560   3.182   .000   .000   .000  .000
   207 BPM24      1   118.720   17.064  2.760   3.401  -.227   .033  3.133 -.466    2.496  -.560   3.182   .000   .000   .000  .000
   208 [000103]   1   119.221   14.425  2.507   3.406  -.210   .033  2.900 -.466    3.189  -.823   3.211   .000   .000   .000  .000
   209 KH24       1   119.221   14.425  2.507   3.406  -.210   .033  2.900 -.466    3.189  -.823   3.211   .000   .000   .000  .000
   210 [000104]   1   119.641   12.408  2.295   3.411  -.197   .033  2.704 -.466    3.973 -1.044   3.229   .000   .000   .000  .000
   211 KV23       1   119.641   12.408  2.295   3.411  -.197   .033  2.704 -.466    3.973 -1.044   3.229   .000   .000   .000  .000
   212 [000105]   1   119.811   11.642  2.209   3.414  -.191   .033  2.625 -.466    4.344 -1.134   3.236   .000   .000   .000  .000
   213 KV24       1   119.811   11.642  2.209   3.414  -.191   .033  2.625 -.466    4.344 -1.134   3.236   .000   .000   .000  .000
   214 [000106]   1   120.158   10.170  2.034   3.419  -.180   .033  2.463 -.466    5.194 -1.316   3.248   .000   .000   .000  .000
   215 M24        1   123.033    2.650   .602   3.511  -.112   .014  1.502 -.210   16.614 -2.528   3.298   .000   .000   .000  .000
   216 [000107]   1   123.310    2.356   .460   3.528  -.108   .014  1.444 -.210   18.049 -2.652   3.300   .000   .000   .000  .000
   217 BPM25      1   123.310    2.356   .460   3.528  -.108   .014  1.444 -.210   18.049 -2.652   3.300   .000   .000   .000  .000
   218 [000108]   1   123.334    2.334   .447   3.530  -.108   .014  1.439 -.210   18.178 -2.662   3.301   .000   .000   .000  .000
   219 QD25       1   123.834    2.332  -.443   3.565  -.109  -.017  1.437  .202   18.187  2.645   3.305   .000   .000   .000  .000
   220 [000109]   1   124.135    2.645  -.598   3.585  -.114  -.017  1.498  .202   16.634  2.513   3.308   .000   .000   .000  .000
   221 M25        1   127.010   10.129 -2.025   3.677  -.189  -.036  2.437  .458    5.258  1.317   3.357   .000   .000   .000  .000
   222 [000110]   1   127.354   11.582 -2.198   3.682  -.201  -.036  2.595  .458    4.414  1.138   3.369   .000   .000   .000  .000
   223 KV25       1   127.354   11.582 -2.198   3.682  -.201  -.036  2.595  .458    4.414  1.138   3.369   .000   .000   .000  .000
   224 [000111]   1   128.014   14.704 -2.531   3.690  -.225  -.036  2.897  .458    3.138   .795   3.397   .000   .000   .000  .000
   225 KH25       1   128.014   14.704 -2.531   3.690  -.225  -.036  2.897  .458    3.138   .795   3.397   .000   .000   .000  .000
   226 [000112]   1   128.472   17.126 -2.761   3.695  -.242  -.036  3.106  .458    2.519   .557   3.423   .000   .000   .000  .000
   227 QF26       1   128.971   17.143  2.729   3.699  -.241   .041  3.086 -.539    2.460  -.433   3.456   .000   .000   .000  .000
   228 [000113]   1   128.990   17.041  2.720   3.699  -.240   .041  3.076 -.539    2.476  -.442   3.457   .000   .000   .000  .000
   229 BPM26      1   128.990   17.041  2.720   3.699  -.240   .041  3.076 -.539    2.476  -.442   3.457   .000   .000   .000  .000
   230 [000114]   1   129.273   15.541  2.580   3.702  -.228   .041  2.923 -.539    2.765  -.579   3.475   .000   .000   .000  .000
   231 M26        1   132.148    4.761  1.193   3.756  -.139   .021  1.746 -.287    9.858 -1.811   3.568   .000   .000   .000  .000
   232 [000115]   1   132.533    3.918   .997   3.770  -.131   .021  1.636 -.287   11.317 -1.978   3.574   .000   .000   .000  .000
   233 KV26       1   132.533    3.918   .997   3.770  -.131   .021  1.636 -.287   11.317 -1.978   3.574   .000   .000   .000  .000
   234 [000116]   1   133.185    2.834   .665   3.801  -.118   .021  1.449 -.287   14.082 -2.261   3.582   .000   .000   .000  .000
1ELSA - Electron Stretcher Accelerator                                             "MAD" Version: 8.22/6    Run: 26/05/:8  16.28.16
 Linear lattice functions.    TWISS               line: ELSA                       range: #S/#E                                   
 Delta(p)/p:      .000000     symm: F             super:   1                                                             page     6
 ----------------------------------------------------------------------------------------------------------------------------------
      ELEMENT SEQUENCE       I                H O R I Z O N T A L               I                  V E R T I C A L
 pos.  element occ.     dist I   betax  alfax   mux    x(co)  px(co) Dx    Dpx  I   betay  alfay   muy    y(co)  py(co) Dy    Dpy
 no.   name    no.      [m]  I   [m]    [1]     [2pi]  [mm]   [.001] [m]   [1]  I   [m]    [1]     [2pi]  [mm]   [.001] [m]   [1]
 ----------------------------------------------------------------------------------------------------------------------------------
   235 SD26       1   133.472    2.494   .519   3.818  -.112   .021  1.366 -.287   15.415 -2.386   3.585   .000   .000   .000  .000
   236 [000117]   1   133.590    2.378   .459   3.826  -.109   .021  1.332 -.287   15.985 -2.437   3.586   .000   .000   .000  .000
   237 BPM27      1   133.590    2.378   .459   3.826  -.109   .021  1.332 -.287   15.985 -2.437   3.586   .000   .000   .000  .000
   238 [000118]   1   133.609    2.361   .449   3.827  -.109   .021  1.327 -.287   16.078 -2.445   3.586   .000   .000   .000  .000
   239 QD27       1   134.109    2.359  -.446   3.862  -.106  -.010  1.277  .086   16.178  2.256   3.591   .000   .000   .000  .000
   240 [000119]   1   134.410    2.674  -.599   3.881  -.109  -.010  1.303  .086   14.853  2.142   3.594   .000   .000   .000  .000
   241 M27        1   137.285   10.131 -2.015   3.973  -.169  -.032  1.914  .343    5.122  1.133   3.648   .000   .000   .000  .000
   242 [000120]   1   137.671   11.762 -2.208   3.979  -.181  -.032  2.047  .343    4.313   .961   3.661   .000   .000   .000  .000
   243 KH27       1   137.671   11.762 -2.208   3.979  -.181  -.032  2.047  .343    4.313   .961   3.661   .000   .000   .000  .000
   244 [000121]   1   138.323   14.854 -2.534   3.987  -.201  -.032  2.271  .343    3.250   .670   3.689   .000   .000   .000  .000
   245 SF27       1   138.610   16.350 -2.678   3.990  -.211  -.032  2.370  .343    2.901   .542   3.704   .000   .000   .000  .000
   246 [000122]   1   138.730   17.000 -2.738   3.991  -.214  -.032  2.411  .343    2.778   .489   3.710   .000   .000   .000  .000
   247 BPM28      1   138.730   17.000 -2.738   3.991  -.214  -.032  2.411  .343    2.778   .489   3.710   .000   .000   .000  .000
   248 [000123]   1   138.747   17.091 -2.746   3.991  -.215  -.032  2.416  .343    2.761   .481   3.711   .000   .000   .000  .000
   249 QF28       1   139.246   17.099  2.732   3.995  -.214   .037  2.394 -.431    2.807  -.578   3.741   .000   .000   .000  .000
   250 [000124]   1   139.548   15.496  2.582   3.998  -.202   .037  2.264 -.431    3.200  -.722   3.757   .000   .000   .000  .000
   251 M28        1   142.423    4.732  1.188   4.052  -.129   .014  1.400 -.176   10.998 -1.905   3.837   .000   .000   .000  .000
   252 [000125]   1   143.360    2.953   .710   4.092  -.115   .014  1.235 -.176   14.937 -2.299   3.849   .000   .000   .000  .000
   253 KV28       1   143.360    2.953   .710   4.092  -.115   .014  1.235 -.176   14.937 -2.299   3.849   .000   .000   .000  .000
   254 [000126]   1   143.884    2.349   .443   4.124  -.108   .014  1.143 -.176   17.463 -2.520   3.854   .000   .000   .000  .000
   255 QD29       1   144.384    2.352  -.450   4.159  -.108  -.016  1.137  .151   17.436  2.572   3.859   .000   .000   .000  .000
   256 [000127]   1   144.400    2.366  -.458   4.160  -.108  -.016  1.139  .151   17.353  2.564   3.859   .000   .000   .000  .000
   257 BPM29      1   144.400    2.366  -.458   4.160  -.108  -.016  1.139  .151   17.353  2.564   3.859   .000   .000   .000  .000
   258 [000128]   1   144.685    2.669  -.604   4.178  -.113  -.016  1.182  .151   15.927  2.440   3.862   .000   .000   .000  .000
   259 M29        1   147.560   10.177 -2.026   4.270  -.194  -.040  1.977  .408    4.973  1.248   3.914   .000   .000   .000  .000
   260 [000129]   1   149.022   17.174 -2.760   4.288  -.253  -.040  2.572  .408    2.424   .496   3.983   .000   .000   .000  .000
   261 QF30       1   149.521   17.182  2.744   4.292  -.252   .041  2.569 -.420    2.415  -.477   4.017   .000   .000   .000  .000
   262 [000130]   1   149.540   17.080  2.735   4.292  -.252   .041  2.561 -.420    2.433  -.487   4.018   .000   .000   .000  .000
   263 BPM30      1   149.540   17.080  2.735   4.292  -.252   .041  2.561 -.420    2.433  -.487   4.018   .000   .000   .000  .000
   264 [000131]   1   149.999   14.673  2.507   4.297  -.233   .041  2.368 -.420    2.987  -.720   4.046   .000   .000   .000  .000
   265 KH30       1   149.999   14.673  2.507   4.297  -.233   .041  2.368 -.420    2.987  -.720   4.046   .000   .000   .000  .000
   266 [000132]   1   152.704    4.742  1.164   4.350  -.122   .041  1.231 -.420   10.604 -2.096   4.125   .000   .000   .000  .000
   267 KV30       1   152.704    4.742  1.164   4.350  -.122   .041  1.231 -.420   10.604 -2.096   4.125   .000   .000   .000  .000
   268 [000133]   1   154.159    2.406   .441   4.420  -.062   .041   .619 -.420   17.780 -2.835   4.142   .000   .000   .000  .000
   269 QD31       1   154.659    2.417  -.464   4.454  -.046   .026   .449 -.268   18.016  2.387   4.147   .000   .000   .000  .000
   270 [000134]   1   154.680    2.437  -.475   4.456  -.045   .026   .443 -.268   17.915  2.379   4.147   .000   .000   .000  .000
   271 BPM31      1   154.680    2.437  -.475   4.456  -.045   .026   .443 -.268   17.915  2.379   4.147   .000   .000   .000  .000
   272 [000135]   1   154.960    2.742  -.616   4.473  -.038   .026   .368 -.268   16.612  2.275   4.149   .000   .000   .000  .000
   273 M31        1   157.835   10.297 -2.042   4.563  -.001   .000  -.020 -.005    5.941  1.312   4.196   .000   .000   .000  .000
   274 [000136]   1   158.403   12.779 -2.328   4.571  -.001   .000  -.023 -.005    4.598  1.051   4.214   .000   .000   .000  .000
   275 MSI31      1   159.003   15.753 -2.629   4.578  -.001   .000  -.026 -.005    3.501   .777   4.237   .000   .000   .000  .000
   276 [000137]   1   159.297   17.341 -2.776   4.580  -.001   .000  -.028 -.005    3.085   .642   4.252   .000   .000   .000  .000
   277 QF32       1   159.796   17.339  2.780   4.585  -.001   .001  -.028  .004    3.010  -.484   4.279   .000   .000   .000  .000
   278 [000138]   1   159.820   17.207  2.768   4.585  -.001   .001  -.028  .004    3.033  -.494   4.280   .000   .000   .000  .000
   279 BPM32      1   159.820   17.207  2.768   4.585  -.001   .001  -.028  .004    3.033  -.494   4.280   .000   .000   .000  .000
   280 [000139]   1   161.437    9.570  1.954   4.605   .000   .001  -.022  .004    5.703 -1.157   4.343   .000   .000   .000  .000
   281 KH32       1   161.437    9.570  1.954   4.605   .000   .001  -.022  .004    5.703 -1.157   4.343   .000   .000   .000  .000
1ELSA - Electron Stretcher Accelerator                                             "MAD" Version: 8.22/6    Run: 26/05/:8  16.28.16
 Linear lattice functions.    TWISS               line: ELSA                       range: #S/#E                                   
 Delta(p)/p:      .000000     symm: F             super:   1                                                             page     7
 ----------------------------------------------------------------------------------------------------------------------------------
      ELEMENT SEQUENCE       I                H O R I Z O N T A L               I                  V E R T I C A L
 pos.  element occ.     dist I   betax  alfax   mux    x(co)  px(co) Dx    Dpx  I   betay  alf