1.9	901.75	507.56	93.42	96.99	282.69	216.83
1.897	901.12	506.9	93.32	96.92	282.54	216.64
1.894	899.35	506.02	93.15	96.74	282.03	216.26
1.891	897.59	505.14	92.99	96.57	281.52	215.88
1.888	895.83	504.25	92.83	96.4	281.01	215.5
1.885	894.08	503.37	92.67	96.23	280.5	215.12
1.882	892.33	502.49	92.51	96.06	279.99	214.74
1.879	890.59	501.61	92.34	95.89	279.49	214.36
1.876	888.86	500.73	92.18	95.72	278.98	213.98
1.873	887.13	499.86	92.02	95.55	278.47	213.6
1.87	885.41	498.98	91.86	95.38	277.97	213.22
1.867	883.69	498.1	91.7	95.2	277.46	212.84
1.864	881.97	497.23	91.54	95.03	276.96	212.46
1.861	880.27	496.35	91.38	94.86	276.45	212.08
1.858	878.57	495.48	91.22	94.69	275.95	211.7
1.855	876.87	494.61	91.05	94.52	275.45	211.32
1.852	875.18	493.74	90.89	94.36	274.94	210.94
1.849	873.49	492.87	90.73	94.19	274.44	210.57
1.846	871.81	492	90.57	94.02	273.94	210.19
1.843	870.13	491.13	90.41	93.85	273.44	209.81
1.84	868.45	490.26	90.25	93.68	272.94	209.43
1.837	866.78	489.39	90.09	93.51	272.44	209.06
1.834	865.12	488.52	89.93	93.34	271.94	208.68
1.831	863.46	487.66	89.77	93.17	271.44	208.3
1.828	861.8	486.79	89.61	93	270.94	207.93
1.825	860.15	485.93	89.45	92.84	270.44	207.55
1.822	858.5	485.06	89.29	92.67	269.95	207.18
1.819	856.85	484.2	89.13	92.5	269.45	206.8
1.816	855.21	483.34	88.98	92.33	268.95	206.43
1.813	853.57	482.48	88.82	92.17	268.45	206.05
1.81	851.94	481.61	88.66	92	267.96	205.68
1.807	850.31	480.75	88.5	91.83	267.46	205.3
1.804	848.68	479.89	88.34	91.66	266.97	204.93
1.801	847.06	479.03	88.18	91.5	266.47	204.56
1.798	845.44	478.18	88.02	91.33	265.98	204.18
1.795	843.82	477.32	87.86	91.16	265.49	203.81
1.792	842.21	476.46	87.7	91	264.99	203.44
1.789	840.6	475.61	87.55	90.83	264.5	203.06
1.786	838.99	474.75	87.39	90.66	264.01	202.69
1.783	837.39	473.89	87.23	90.5	263.52	202.32
1.78	835.79	473.04	87.07	90.33	263.03	201.95
1.777	834.19	472.19	86.91	90.17	262.54	201.58
1.774	832.6	471.33	86.76	90	262.04	201.2
1.771	831	470.48	86.6	89.84	261.55	200.83
1.768	829.42	469.63	86.44	89.67	261.06	200.46
1.765	827.83	468.78	86.28	89.5	260.58	200.09
1.762	826.25	467.92	86.13	89.34	260.09	199.72
1.759	824.67	467.07	85.97	89.17	259.6	199.35
1.756	823.09	466.22	85.81	89.01	259.11	198.98
1.753	821.51	465.38	85.65	88.84	258.62	198.61
1.75	819.94	464.53	85.5	88.68	258.13	198.24
1.747	818.37	463.68	85.34	88.51	257.65	197.87
1.744	816.8	462.83	85.18	88.35	257.16	197.5
1.741	815.24	461.98	85.03	88.19	256.67	197.13
1.738	813.67	461.14	84.87	88.02	256.19	196.76
1.735	812.11	460.29	84.71	87.86	255.7	196.39
1.732	810.56	459.45	84.56	87.69	255.22	196.03
1.729	809	458.6	84.4	87.53	254.73	195.66
1.726	807.45	457.76	84.24	87.37	254.25	195.29
1.723	805.89	456.91	84.09	87.2	253.76	194.92
1.72	804.35	456.07	83.93	87.04	253.28	194.55
1.717	802.8	455.23	83.77	86.88	252.8	194.19
1.714	801.25	454.38	83.62	86.71	252.31	193.82
1.711	799.71	453.54	83.46	86.55	251.83	193.45
1.708	798.17	452.7	83.31	86.39	251.35	193.09
1.705	796.63	451.86	83.15	86.22	250.87	192.72
1.702	795.1	451.02	82.99	86.06	250.39	192.35
1.699	793.56	450.18	82.84	85.9	249.91	191.99
1.696	792.03	449.34	82.68	85.73	249.42	191.62
1.693	790.5	448.5	82.53	85.57	248.94	191.25
1.69	788.97	447.66	82.37	85.41	248.46	190.89
1.687	787.44	446.82	82.22	85.25	247.98	190.52
1.684	785.92	445.98	82.06	85.08	247.5	190.16
1.681	784.4	445.15	81.91	84.92	247.02	189.79
1.678	782.87	444.31	81.75	84.76	246.54	189.43
1.675	781.35	443.47	81.6	84.6	246.07	189.06
1.672	779.84	442.64	81.44	84.44	245.59	188.7
1.669	778.32	441.8	81.29	84.27	245.11	188.33
1.666	776.81	440.97	81.13	84.11	244.63	187.97
1.663	775.29	440.13	80.98	83.95	244.15	187.6
1.66	773.78	439.3	80.82	83.79	243.68	187.24
1.657	772.27	438.46	80.67	83.63	243.2	186.88
1.654	770.76	437.63	80.51	83.47	242.72	186.51
1.651	769.26	436.79	80.36	83.3	242.25	186.15
1.648	767.75	435.96	80.2	83.14	241.77	185.79
1.645	766.25	435.13	80.05	82.98	241.3	185.42
1.642	764.75	434.3	79.89	82.82	240.82	185.06
1.639	763.25	433.46	79.74	82.66	240.34	184.7
1.636	761.75	432.63	79.59	82.5	239.87	184.33
1.633	760.25	431.8	79.43	82.34	239.4	183.97
1.63	758.76	430.97	79.28	82.18	238.92	183.61
1.627	757.26	430.14	79.12	82.02	238.45	183.25
1.624	755.77	429.31	78.97	81.86	237.97	182.89
1.621	754.28	428.48	78.82	81.7	237.5	182.52
1.618	752.79	427.65	78.66	81.54	237.03	182.16
1.615	751.3	426.82	78.51	81.38	236.55	181.8
1.612	749.81	425.99	78.35	81.22	236.08	181.44
1.609	748.32	425.17	78.2	81.06	235.61	181.08
1.606	746.84	424.34	78.05	80.9	235.14	180.72
1.603	745.35	423.51	77.89	80.74	234.66	180.36
1.6	743.87	422.68	77.74	80.58	234.19	180
1.597	742.39	421.86	77.59	80.42	233.72	179.64
1.594	740.91	421.03	77.43	80.26	233.25	179.28
1.591	739.43	420.2	77.28	80.1	232.78	178.92
1.588	737.95	419.38	77.13	79.94	232.31	178.56
1.585	736.48	418.55	76.97	79.78	231.84	178.2
1.582	735	417.73	76.82	79.62	231.37	177.84
1.579	733.53	416.9	76.67	79.46	230.9	177.48
1.576	732.05	416.08	76.51	79.3	230.43	177.12
1.573	730.58	415.25	76.36	79.14	229.96	176.76
1.57	729.11	414.43	76.21	78.98	229.49	176.4
1.567	727.64	413.6	76.06	78.82	229.02	176.04
1.564	726.17	412.78	75.9	78.66	228.55	175.68
1.561	724.7	411.96	75.75	78.51	228.08	175.32
1.558	723.23	411.13	75.6	78.35	227.61	174.96
1.555	721.77	410.31	75.45	78.19	227.15	174.6
1.552	720.3	409.49	75.29	78.03	226.68	174.25
1.549	718.84	408.67	75.14	77.87	226.21	173.89
1.546	717.38	407.85	74.99	77.71	225.74	173.53
1.543	715.92	407.02	74.84	77.55	225.28	173.17
1.54	714.45	406.2	74.68	77.4	224.81	172.81
1.537	712.99	405.38	74.53	77.24	224.34	172.46
1.534	711.54	404.56	74.38	77.08	223.87	172.1
1.531	710.08	403.74	74.23	76.92	223.41	171.74
1.528	708.62	402.92	74.07	76.76	222.94	171.38
1.525	707.16	402.1	73.92	76.6	222.48	171.03
1.522	705.71	401.28	73.77	76.45	222.01	170.67