Element-Name    E_S(Meter)       Beta(X)       Beta(Y)      Alpha(X)      Alpha(Y)      Gamma(X)      Gamma(Y)      Phase(X)      Phase(Y) 
       START             0       10.7769       2.27836    -0.0076025     0.0821334     0.0927967      0.441874             0             0 
       R1D1A      0.643354       10.8251       2.35557    -0.0673037     -0.202148     0.0927967      0.441874    0.00948563     0.0447877 
   INJ_POINT      0.643354       10.8251       2.35557    -0.0673037     -0.202148     0.0927967      0.441874    0.00948563     0.0447877 
        SCN1      0.643354       10.8251       2.35557    -0.0673037     -0.202148     0.0927967      0.441874    0.00948563     0.0447877 
      R1D1AB         0.818       10.8514       2.43965    -0.0835102      -0.27932     0.0927967      0.441874     0.0120503     0.0563929 
       R1HC0         0.818       10.8514       2.43965    -0.0835102      -0.27932     0.0927967      0.441874     0.0120503     0.0563929 
      R1D1BC           1.1       10.9059       2.63233     -0.109679     -0.403928     0.0927967      0.441874     0.0161765     0.0741403 
     R1KICM3           1.1       10.9059       2.63233     -0.109679     -0.403928     0.0927967      0.441874     0.0161765     0.0741403 
      R1D1CD           1.4         10.98       2.91445     -0.137518      -0.53649     0.0927967      0.441874     0.0205403     0.0914124 
       R1VC0           1.4         10.98       2.91445     -0.137518      -0.53649     0.0927967      0.441874     0.0205403     0.0914124 
      R1D1DE         1.495        11.007       3.02038     -0.146334     -0.578468     0.0927967      0.441874     0.0219156     0.0965094 
      R1BPM0         1.495        11.007       3.02038     -0.146334     -0.578468     0.0927967      0.441874     0.0219156     0.0965094 
      R1D1EF        1.5425       11.0211       3.07633     -0.150741     -0.599457     0.0927967      0.441874      0.022602     0.0989896 
        SWLS        2.1425       11.2354       3.62144     -0.206417     -0.283908     0.0927967       0.29839     0.0311873      0.127189 
      R1D1FG          2.19       11.2552       3.64909     -0.210825     -0.298081     0.0927967       0.29839     0.0318596      0.129269 
      R1BPM1          2.19       11.2552       3.64909     -0.210825     -0.298081     0.0927967       0.29839     0.0318596      0.129269 
      R1D1GH         2.287        11.297       3.70972     -0.219826     -0.327025     0.0927967       0.29839     0.0332287      0.133465 
      R1VC0A         2.287        11.297       3.70972     -0.219826     -0.327025     0.0927967       0.29839     0.0332287      0.133465 
      R1D1HI         2.585       11.4362       3.93113     -0.247479     -0.415946     0.0927967       0.29839     0.0374018      0.145898 
     R1KICM4         2.585       11.4362       3.93113     -0.247479     -0.415946     0.0927967       0.29839     0.0374018      0.145898 
      R1D1IJ         2.857       11.5777       4.17948      -0.27272     -0.497108     0.0927967       0.29839     0.0411643      0.156586 
      R1HC0A         2.857       11.5777       4.17948      -0.27272     -0.497108     0.0927967       0.29839     0.0411643      0.156586 
      R1D1JK             3       11.6576       4.32775      -0.28599     -0.539778     0.0927967       0.29839     0.0431234      0.161938 
       R1QD1          3.35       14.2715       3.91736      -7.65222       1.63662       4.17311      0.939029     0.0475816      0.175054 
        RXD4           3.5        16.661        3.4475      -8.27818       1.49576       4.17311      0.939029     0.0491298      0.181553 
       R1HC1           3.5        16.661        3.4475      -8.27818       1.49576       4.17311      0.939029     0.0491298      0.181553 
        RXD5          3.65       19.2384        3.0199      -8.90415       1.35491       4.17311      0.939029     0.0504633      0.188954 
       R1QF2             4       18.4717       3.16829       10.8282      -1.82805       6.40167       1.37038     0.0532461      0.208097 
       R1D6A          4.14       15.5653       3.70701       9.93197      -2.01991       6.40167       1.37038     0.0545602        0.2146 
        SCN2          4.14       15.5653       3.70701       9.93197      -2.01991       6.40167       1.37038     0.0545602        0.2146 
      R1D6BA         4.322       12.1621       4.48765       8.76686      -2.26932       6.40167       1.37038     0.0566655      0.221704 
       R1VC1         4.322       12.1621       4.48765       8.76686      -2.26932       6.40167       1.37038     0.0566655      0.221704 
      R1HC1A         4.322       12.1621       4.48765       8.76686      -2.26932       6.40167       1.37038     0.0566655      0.221704 
      R1D6BB         4.595       7.85253       5.82883       7.01921      -2.64343       6.40167       1.37038     0.0611121      0.230204 
       R1QD3         4.835       5.24721       6.73555       4.07847      -1.04955       3.36063      0.312011     0.0671311      0.236233 
        RXD7          4.94       4.42778        6.9594       3.72561      -1.08232       3.36063      0.312011     0.0705983      0.238674 
      R1BPM2          4.94       4.42778        6.9594       3.72561      -1.08232       3.36063      0.312011     0.0705983      0.238674 
        RXD8          5.27       2.33486       7.70771        2.6166      -1.18528       3.36063      0.312011     0.0869618      0.245848 
       RXDMX          6.49      0.808718       5.78137      -1.11651        2.3685       2.77798        1.1433      0.386484      0.272482 
        RXD9          6.85       1.97263       4.22421      -2.11659       1.95692       2.77798        1.1433      0.432484      0.284087 
       R1SD1          6.97       2.52062       3.77102      -2.44994       1.81972       2.77798        1.1433      0.441053      0.288872 
       RXD10          7.15       3.49261       3.15296      -2.94998       1.61393       2.77798        1.1433      0.450715      0.297184 
      R1BPM3          7.15       3.49261       3.15296      -2.94998       1.61393       2.77798        1.1433      0.450715      0.297184 
       RXD11          7.51       5.97662        2.1391      -3.95005       1.20234       2.77798        1.1433      0.463268      0.319318 
       R1QF4          7.86       6.64678       2.06379       2.25748     -0.963314       0.91717       0.93419      0.471617      0.347505 
       RXD12             8       6.03266       2.35183       2.12908       -1.0941       0.91717       0.93419      0.475137      0.357626 
       R1SF1          8.12       5.53489       2.62787       2.01902       -1.2062       0.91717       0.93419      0.478442      0.365311 
       RXD13          8.88       2.99574       5.00089       1.32197      -1.91619       0.91717       0.93419      0.508322      0.398927 
      R1BPM4          8.88       2.99574       5.00089       1.32197      -1.91619       0.91717       0.93419      0.508322      0.398927 
       RXD14         9.015       2.65552       5.53528       1.19815       -2.0423       0.91717       0.93419      0.515943      0.403011 
       R1VC2         9.015       2.65552       5.53528       1.19815       -2.0423       0.91717       0.93419      0.515943      0.403011 
       RXD15          9.39       1.88589       7.19838      0.854213      -2.39262       0.91717       0.93419      0.542739      0.412472 
      RXDM2U        9.5974       1.62777       7.94875      0.490559      -1.56947      0.762177      0.435696      0.561662      0.416825 
      RXDM2D         10.61       1.81386       8.14679     -0.783412       1.81008       0.88967      0.524916       0.66778      0.435663 
       RXD16        11.255       3.19458       6.03017      -1.35725       1.47151       0.88967      0.524916      0.710953       0.45033 
      R1BPM5        11.255       3.19458       6.03017      -1.35725       1.47151       0.88967      0.524916      0.710953       0.45033 
       RXD17         11.88       5.23867       4.39583      -1.91329       1.14343       0.88967      0.524916      0.735364      0.469698 
       R1SF2            12       5.71067       4.12897      -2.02005       1.08044       0.88967      0.524916      0.738856      0.474182 
       RXD18         12.14       6.29373       3.83673      -2.14461       1.00696       0.88967      0.524916      0.742573      0.479781 
       R1QF5         12.49       5.66536       4.49259       3.73162      -3.08863       2.63443         2.346      0.751386       0.49399 
       RXD19         12.93       2.89156       7.66477       2.57247      -4.12087       2.63443         2.346      0.768722      0.505935 
      R1BPM6         12.93       2.89156       7.66477       2.57247      -4.12087       2.63443         2.346      0.768722      0.505935 
       RXD20         13.03       2.40341       8.51241       2.30903      -4.35547       2.63443         2.346      0.774761      0.507906 
       R1SD2         13.15       1.88718        9.5915        1.9929      -4.63699       2.63443         2.346      0.783734      0.510019 
       RXD21         13.51      0.793714       13.2342        1.0445      -5.48156       2.63443         2.346      0.831251      0.515106 
       RXDMX         14.73       2.30665       17.3994      -2.53161       2.92314       3.21204      0.548569       1.12238      0.526778 
       RXD22        15.165       5.11695       14.9601      -3.92885       2.68451       3.21204      0.548569       1.14259       0.53107 
       R1QD6        15.405       7.62948       12.7759      -6.77358       6.21127       6.14477       3.09801       1.14877      0.533802 
      R1D23A         15.55       9.72301       11.0398      -7.66457       5.76206       6.14477       3.09801       1.15145      0.535746 
      R1HC2A         15.55       9.72301       11.0398      -7.66457       5.76206       6.14477       3.09801       1.15145      0.535746 
      R1VC3A         15.55       9.72301       11.0398      -7.66457       5.76206       6.14477       3.09801       1.15145      0.535746 
      R1D23B         15.64       11.1524       10.0277       -8.2176       5.48324       6.14477       3.09801       1.15283      0.537107 
      R1BPM7         15.64       11.1524       10.0277       -8.2176       5.48324       6.14477       3.09801       1.15283      0.537107 
       RXD24            16       17.8654       6.48126      -10.4297       4.36795       6.14477       3.09801       1.15689      0.544216 
       R1QF7         16.35       18.5784       5.66631       8.64051      -1.76951        4.0724      0.729074       1.15976       0.55397 
       RXD25         16.49       16.2388       6.17607       8.07038      -1.87158        4.0724      0.729074       1.16105      0.557737 
       R1HC2         16.49       16.2388       6.17607       8.07038      -1.87158        4.0724      0.729074       1.16105      0.557737 
       RXD26         16.65       13.7606       6.79364       7.41879      -1.98823        4.0724      0.729074       1.16275      0.561668 
       R1QD8            17       11.2145       6.87999      0.313486       1.75743     0.0979331      0.594266       1.16738      0.569562 
      R1D27A         17.09       11.1589       6.56847      0.304672       1.70394     0.0979331      0.594266       1.16866      0.571693 
      R1BPM8         17.09       11.1589       6.56847      0.304672       1.70394     0.0979331      0.594266       1.16866      0.571693 
      R1D27B        17.225       11.0784       6.11924      0.291451       1.62372     0.0979331      0.594266       1.17059      0.575082 
       R1HC3        17.225       11.0784       6.11924      0.291451       1.62372     0.0979331      0.594266       1.17059      0.575082 
       R1VC3        17.225       11.0784       6.11924      0.291451       1.62372     0.0979331      0.594266       1.17059      0.575082 
      R1D28A        17.355       11.0043       5.70711       0.27872       1.54646     0.0979331      0.594266       1.17247      0.578584 
      R1SCN1        17.355       11.0043       5.70711       0.27872       1.54646     0.0979331      0.594266       1.17247      0.578584 
      RXD28B        17.515       10.9176       5.22746       0.26305       1.45138     0.0979331      0.594266       1.17479      0.583247 
      R1BPM9        17.515       10.9176       5.22746       0.26305       1.45138     0.0979331      0.594266       1.17479      0.583247 
     R1D29AA          17.9       10.7296       4.19798      0.225346       1.22259     0.0979331      0.594266       1.18045      0.596342 
    EPU4USVC          17.9       10.7296       4.19798      0.225346       1.22259     0.0979331      0.594266       1.18045      0.596342 
     R1D29AB        17.997       10.6868       3.96639      0.215847       1.16494     0.0979331      0.594266       1.18189      0.600125 
    EPU4USHC        17.997       10.6868       3.96639      0.215847       1.16494     0.0979331      0.594266       1.18189      0.600125 
     EPU56UD        18.138       10.6279       3.64969      0.202038       1.08115     0.0979331      0.594266         1.184      0.606025 
       EPU56        21.862       10.4812        3.8251     -0.162665      -1.12805     0.0979331      0.594102       1.24139      0.872725 
     EPU56DD        22.003       10.5291       4.15502     -0.176473      -1.21182     0.0979331      0.594102       1.24353      0.878355 
    EPU4DSHC        22.003       10.5291       4.15502     -0.176473      -1.21182     0.0979331      0.594102       1.24353      0.878355 
      R2D1AA          22.1       10.5642        4.3957     -0.185973      -1.26945     0.0979331      0.594102       1.24499      0.881968 
    EPU4DSVC          22.1       10.5642        4.3957     -0.185973      -1.26945     0.0979331      0.594102       1.24499      0.881968 
      R2D1AB         22.19       10.5985       4.62901     -0.194787      -1.32292     0.0979331      0.594102       1.24635      0.885143 
      R2BPM0         22.19       10.5985       4.62901     -0.194787      -1.32292     0.0979331      0.594102       1.24635      0.885143 
      R2D1BA        22.302       10.6433        4.9328     -0.205755      -1.38945     0.0979331      0.594102       1.24802      0.888874 
       R2SQ0        22.302       10.6433        4.9328     -0.205755      -1.38945     0.0979331      0.594102       1.24802      0.888874 
      R2D1BB        22.775       10.8599       6.38014     -0.252078      -1.67046     0.0979331      0.594102       1.25503      0.902309 
       R2HC0        22.775       10.8599       6.38014     -0.252078      -1.67046     0.0979331      0.594102       1.25503      0.902309 
       R2VC1        22.775       10.8599       6.38014     -0.252078      -1.67046     0.0979331      0.594102       1.25503      0.902309 
        RXD2         22.91       10.9297       6.84199     -0.265299      -1.75067     0.0979331      0.594102         1.257      0.905561 
      R2BPM1         22.91       10.9297       6.84199     -0.265299      -1.75067     0.0979331      0.594102         1.257      0.905561 
        RXD3            23       10.9783       7.16193     -0.274113      -1.80414     0.0979331      0.594102       1.25831      0.907608 
       R2QD1         23.35        13.445       7.05367      -7.21721       2.09346       3.94854      0.763089       1.26304        0.9152 
        RXD4          23.5        15.699        6.4428      -7.80949         1.979       3.94854      0.763089       1.26469      0.918742 
       R2HC1          23.5        15.699        6.4428      -7.80949         1.979       3.94854      0.763089       1.26469      0.918742 
        RXD5         23.65       18.1307       5.86627      -8.40177       1.86453       3.94854      0.763089        1.2661      0.922626 
       R2QF2            24       17.4155        6.6825       10.1967      -4.46706       6.02749       3.13574       1.26905      0.932065 
       R2D6A        24.325       11.4243        9.9173       8.23772      -5.48617       6.02749       3.13574       1.27272      0.938421 
      R2VC1A        24.325       11.4243        9.9173       8.23772      -5.48617       6.02749       3.13574       1.27272      0.938421 
      R2HC1A        24.325       11.4243        9.9173       8.23772      -5.48617       6.02749       3.13574       1.27272      0.938421 
       R2D6B        24.595       7.41536       13.1084        6.6103      -6.33283       6.02749       3.13574       1.27739       0.94219 
       R2QD3        24.835       4.96314       15.3286       3.83525      -2.70971       3.16516      0.544245       1.28376      0.944855 
        RXD7         24.94       4.19263       15.9037       3.50291      -2.76686       3.16516      0.544245       1.28742      0.945925 
      R2BPM2         24.94       4.19263       15.9037       3.50291      -2.76686       3.16516      0.544245       1.28742      0.945925 
        RXD8         25.27        2.2254       17.7891        2.4584      -2.94646       3.16516      0.544245       1.30465      0.949048 
       RXDMX         26.49      0.825432        13.446      -1.08233        5.6141       2.63068       2.41842       1.59677        0.9605 
        RXD9         26.85       1.94565       9.71728      -2.02938       4.74347       2.63068       2.41842       1.64261      0.965514 
       R2SD1         26.97       2.47058       8.61368      -2.34506       4.45326       2.63068       2.41842       1.65133      0.967601 
       RXD10         27.15       3.40003       7.08886      -2.81858       4.01794       2.63068       2.41842       1.66122      0.971268 
      R2BPM3         27.15       3.40003       7.08886      -2.81858       4.01794       2.63068       2.41842       1.66122      0.971268 
       RXD11         27.51       5.77035       4.50937      -3.76562       3.14731       2.63068       2.41842       1.67417      0.981408 
       R2QF4         27.86       6.38522       3.81877       2.21268     -0.955382      0.923377      0.500882       1.68284      0.995625 
       RXD12            28       5.78377        4.0961       2.08341      -1.02551      0.923377      0.500882        1.6865       1.00126 
       R2SF1         28.12       5.29705       4.34943       1.97261      -1.08561      0.923377      0.500882       1.68995       1.00579 
      RXD13A        28.555       3.75561       5.38869       1.57094       -1.3035      0.923377      0.500882        1.7055       1.02011 
       R2SQ1        28.555       3.75561       5.38869       1.57094       -1.3035      0.923377      0.500882        1.7055       1.02011 
      RXD13B         28.88       2.83203       6.28887       1.27084      -1.46628      0.923377      0.500882       1.72139         1.029 
      R2BPM4         28.88       2.83203       6.28887       1.27084      -1.46628      0.923377      0.500882       1.72139         1.029 
       RXD14        29.015       2.50573        6.6939       1.14618       -1.5339      0.923377      0.500882       1.72946       1.03231 
       R2VC2        29.015       2.50573        6.6939       1.14618       -1.5339      0.923377      0.500882       1.72946       1.03231 
       RXD15         29.39       1.77595       7.91476      0.799917      -1.72173      0.923377      0.500882        1.7579       1.04051 
      RXDM2U       29.5974       1.53735       8.34811      0.444779     -0.756027       0.77915      0.188255       1.77797       1.04456 
      RXDM2D         30.61       1.82536       6.92625     -0.848492       2.32891      0.942244       0.92746       1.88734        1.0645 
       RXD16        31.255       3.31192        4.3078      -1.45624        1.7307      0.942244       0.92746       1.92959       1.08334 
      R2BPM5        31.255       3.31192        4.3078      -1.45624        1.7307      0.942244       0.92746       1.92959       1.08334 
      RXD17A        31.445        3.8993       3.68362      -1.63527       1.55448      0.942244       0.92746         1.938       1.09093 
       R2SQ2        31.445        3.8993       3.68362      -1.63527       1.55448      0.942244       0.92746         1.938       1.09093 
      RXD17B         31.88       5.50028       2.50672      -2.04514       1.15103      0.942244       0.92746       1.95298        1.1138 
       R2SF2            32       6.00468       2.24383      -2.15821       1.03974      0.942244       0.92746        1.9563       1.12185 
       RXD18         32.14       6.62745       1.97088      -2.29012      0.909895      0.942244       0.92746       1.95983       1.13246 
       R2QF5         32.49        5.9839       2.05638       3.91549      -1.18127       2.72916       1.16487       1.96819       1.16189 
       RXD19         32.93       3.06663       3.32142       2.71465      -1.69381       2.72916       1.16487       1.98456       1.18881 
      R2BPM6         32.93       3.06663       3.32142       2.71465      -1.69381       2.72916       1.16487       1.98456       1.18881 
       RXD20         33.03         2.551       3.67183       2.44174       -1.8103       2.72916       1.16487       1.99026       1.19337 
       R2SD2         33.15       2.00428       4.12307       2.11424      -1.95008       2.72916       1.16487       1.99871       1.19828 
       RXD21         33.51      0.835726        5.6781       1.13174      -2.36944       2.72916       1.16487       2.04357       1.21013 
       RXDMX         34.73       2.24475       7.68762      -2.51671       1.13512        3.2671      0.297686       2.34145       1.23705 
       RXD22        35.165       5.05251        6.7564       -3.9379       1.00563        3.2671      0.297686       2.36207       1.24666 
       R2QD6        35.405       7.56839       5.86764      -6.77882       2.61414       6.20375       1.33508       2.36831       1.25266 
      R2D23A         35.52       9.20956       5.28405      -7.49225       2.46061       6.20375       1.33508       2.37051       1.25594 
      R2VC3A         35.52       9.20956       5.28405      -7.49225       2.46061       6.20375       1.33508       2.37051       1.25594 
      R2HC2A         35.52       9.20956       5.28405      -7.49225       2.46061       6.20375       1.33508       2.37051       1.25594 
      R2D23B         35.64        11.097       4.71273       -8.2367        2.3004       6.20375       1.33508        2.3724       1.25977 
      R2BPM7         35.64        11.097       4.71273       -8.2367        2.3004       6.20375       1.33508        2.3724       1.25977 
      R2D24A       35.7025       12.1509       4.43039      -8.62443       2.21696       6.20375       1.33508       2.37325       1.26195 
       R2VCU       35.7025       12.1509       4.43039      -8.62443       2.21696       6.20375       1.33508       2.37325       1.26195 
      R2D24B            36       17.8315       3.22946        -10.47       1.81977       6.20375       1.33508       2.37647       1.27448 
       R2QF7         36.35       18.5835       3.10797       8.58265      -1.43241       4.01764      0.981921       2.37935       1.29317 
       RXD25         36.49       16.2591       3.52829       8.02018      -1.56987       4.01764      0.981921       2.38063        1.2999 
       R2HC2         36.49       16.2591       3.52829       8.02018      -1.56987       4.01764      0.981921       2.38063        1.2999 
       RXD26         36.65       13.7955       4.05579       7.37735      -1.72698       4.01764      0.981921       2.38233       1.30663 
       R2QD8            37       11.2823       4.50178      0.255248      0.535008     0.0944092      0.285717       2.38694       1.31927 
      R2D27A         37.09       11.2371       4.40779      0.246751      0.509294     0.0944092      0.285717       2.38821       1.32249 
      R2BPM8         37.09       11.2371       4.40779      0.246751      0.509294     0.0944092      0.285717       2.38821       1.32249 
      R2D27B        37.225       11.1722       4.27549      0.234006      0.470722     0.0944092      0.285717       2.39013       1.32744 
       R2HC3        37.225       11.1722       4.27549      0.234006      0.470722     0.0944092      0.285717       2.39013       1.32744 
       R2VC3        37.225       11.1722       4.27549      0.234006      0.470722     0.0944092      0.285717       2.39013       1.32744 
      R2D28A        37.355        11.113       4.15793      0.221733      0.433579     0.0944092      0.285717       2.39199       1.33234 
      R2SCN1        37.355        11.113       4.15793      0.221733      0.433579     0.0944092      0.285717       2.39199       1.33234 
      RXD28B        37.515       11.0444        4.0265      0.206628      0.387864     0.0944092      0.285717       2.39429       1.33857 
      R2BPM9        37.515       11.0444        4.0265      0.206628      0.387864     0.0944092      0.285717       2.39429       1.33857 
       R2U5D         38.05       10.8504       3.69326      0.156119      0.235005     0.0944092      0.285717       2.40207       1.36072 
        R2U5            40       10.6005       3.82691    -0.0279792     -0.302833     0.0944092      0.285271       2.43117       1.44733 
       U5BPM            40       10.6005       3.82691    -0.0279792     -0.302833     0.0944092      0.285271       2.43117       1.44733 
        R3U5         41.95       11.0686       6.03804     -0.212077     -0.827639     0.0944092      0.279062       2.45998       1.51368 
     R3U5DAA         42.12       11.1434       6.32751     -0.228127     -0.875079     0.0944092      0.279062       2.46241       1.51806 
       R3VC0         42.12       11.1434       6.32751     -0.228127     -0.875079     0.0944092      0.279062       2.46241       1.51806 
     R3U5DAB          42.2       11.1805        6.4693     -0.235679     -0.897404     0.0944092      0.279062       2.46355       1.52005 
      R3BPM0          42.2       11.1805        6.4693     -0.235679     -0.897404     0.0944092      0.279062       2.46355       1.52005 
      R3U5DB        42.775       11.4828       7.59358     -0.289965      -1.05786     0.0944092      0.279062       2.47164       1.53312 
       R3HC0        42.775       11.4828       7.59358     -0.289965      -1.05786     0.0944092      0.279062       2.47164       1.53312 
       R3VC1        42.775       11.4828       7.59358     -0.289965      -1.05786     0.0944092      0.279062       2.47164       1.53312 
        RXD2         42.91       11.5628       7.88429      -0.30271      -1.09554     0.0944092      0.279062        2.4735        1.5359 
      R3BPM1         42.91       11.5628       7.88429      -0.30271      -1.09554     0.0944092      0.279062        2.4735        1.5359 
        RXD3            43        11.618       8.08375     -0.311207      -1.12065     0.0944092      0.279062       2.47474       1.53769 
       R3QD1         43.35        14.244       7.35424      -7.66385       3.07038       4.19366       1.41785       2.47921       1.54469 
        RXD4          43.5       16.6375       6.46503       -8.2929        2.8577       4.19366       1.41785       2.48076       1.54816 
       R3HC1          43.5       16.6375       6.46503       -8.2929        2.8577       4.19366       1.41785       2.48076       1.54816 
        RXD5         43.65       19.2198       5.63962      -8.92195       2.64502       4.19366       1.41785       2.48209       1.55211 
       R3QF2            44       18.4709       5.76969       10.8013      -3.05974       6.37042       1.79594       2.48488       1.56247 
       R3D6A        44.325        12.123       7.94821       8.73089      -3.64342       6.37042       1.79594       2.48833       1.57011 
      R3VC1A        44.325        12.123       7.94821       8.73089      -3.64342       6.37042       1.79594       2.48833       1.57011 
      R3HC1A        44.325        12.123       7.94821       8.73089      -3.64342       6.37042       1.79594       2.48833       1.57011 
       R3D6B        44.595        7.8727       10.0466       7.01088      -4.12832       6.37042       1.79594       2.49273       1.57492 
       R3QD3        44.835       5.27111       11.3812       4.07093      -1.30753       3.33373      0.238078       2.49873       1.57845 
        RXD7         44.94       4.45297       11.6584       3.72089      -1.33252       3.33373      0.238078       2.50218       1.57991 
      R3BPM2         44.94       4.45297       11.6584       3.72089      -1.33252       3.33373      0.238078       2.50218       1.57991 
        RXD8         45.27       2.36023       12.5638       2.62076      -1.41109       3.33373      0.238078       2.51841       1.58425 
       RXDMX         46.49      0.790648       8.29813      -1.07797       4.03123        2.7345       2.07888       2.81491       1.60161 
        RXD9         46.85       1.92118       5.66506      -2.06239       3.28283        2.7345       2.07888       2.86209       1.60997 
       R3SD1         46.97       2.45553       4.90712      -2.39053       3.03337        2.7345       2.07888       2.87089        1.6136 
       RXD10         47.15       3.40472       3.88246      -2.88274       2.65917        2.7345       2.07888        2.8808       1.62016 
      R3BPM3         47.15       3.40472       3.88246      -2.88274       2.65917        2.7345       2.07888        2.8808       1.62016 
       RXD11         47.51       5.83468       2.23728      -3.86716       1.91077        2.7345       2.07888       2.89367       1.63965 
       R3QF4         47.86       6.49741       1.71129       2.19337     -0.241273      0.894339      0.618373       2.90222       1.66994 
       RXD12            48       5.90079       1.79096       2.06817     -0.327845      0.894339      0.618373       2.90582       1.68268 
       R3SF1         48.12       5.41731       1.87855       1.96085      -0.40205      0.894339      0.618373        2.9092        1.6931 
      R3D13A        48.475       4.13782       2.24194       1.64335     -0.621572      0.894339      0.618373       2.92114       1.72077 
      R3BPM4        48.475       4.13782       2.24194       1.64335     -0.621572      0.894339      0.618373       2.92114       1.72077 
      R3D13B        48.598       3.74708        2.4042       1.53335     -0.697632      0.894339      0.618373       2.92611       1.72921 
     R3EPBM1        48.598       3.74708        2.4042       1.53335     -0.697632      0.894339      0.618373       2.92611       1.72921 
      R3D13C        48.928       2.83247       2.93198       1.23822     -0.901695      0.894339      0.618373       2.94226       1.74904 
       R3VC2        48.928       2.83247       2.93198       1.23822     -0.901695      0.894339      0.618373       2.94226       1.74904 
       R3D14         49.06       2.52116        3.1808       1.12017     -0.983321      0.894339      0.618373       2.95013       1.75592 
     R3BPM4A         49.06       2.52116        3.1808       1.12017     -0.983321      0.894339      0.618373       2.95013       1.75592 
       R3D15         49.45       1.78346       4.04184      0.771374      -1.22449      0.894339      0.618373       2.97957       1.77327 
      RXDM2U       49.6574       1.55593       4.41887      0.420162     -0.787747      0.756165      0.366733       2.99947       1.78106 
      RXDM2D         50.67       1.88412        4.5097     -0.870313      0.937109      0.932769      0.416474       3.10604        1.8152 
      R3D16A        50.965       2.47878       3.99305      -1.14548      0.814249      0.932769      0.416474       3.12783       1.82628 
     R3BPM5A        50.965       2.47878       3.99305      -1.14548      0.814249      0.932769      0.416474       3.12783       1.82628 
      R3D16B        51.163       2.96895       3.68694      -1.33017      0.731788      0.932769      0.416474       3.13946       1.83449 
     R3EPBM3        51.163       2.96895       3.68694      -1.33017      0.731788      0.932769      0.416474       3.13946       1.83449 
      R3D17A        51.598        4.3027       3.12909      -1.73592      0.550621      0.932769      0.416474       3.15888       1.85493 
     R3EPBM4        51.598        4.3027       3.12909      -1.73592      0.550621      0.932769      0.416474       3.15888       1.85493 
      R3D17B         51.73       4.77724       2.99098      -1.85905      0.495647      0.932769      0.416474       3.16351        1.8618 
      R3BPM5         51.73       4.77724       2.99098      -1.85905      0.495647      0.932769      0.416474       3.16351        1.8618 
      R3D17C         51.88       5.35594       2.85166      -1.99896      0.433176      0.932769      0.416474       3.16823       1.86998 
       R3SF2            52       5.84912       2.75369       -2.1109      0.383199      0.932769      0.416474       3.17165        1.8768 
       RXD18         52.14       6.45846       2.65456      -2.24148      0.324893      0.932769      0.416474       3.17527       1.88504 
       R3QF5         52.49       5.83829       3.43906        3.8078      -2.81488       2.65477       2.59477       3.18384       1.90459 
       RXD19         52.93       3.00139       6.41851        2.6397      -3.95658       2.65477       2.59477        3.2006       1.91952 
      R3BPM6         52.93       3.00139       6.41851        2.6397      -3.95658       2.65477       2.59477        3.2006       1.91952 
       RXD20         53.03           2.5       7.23577       2.37422      -4.21606       2.65477       2.59477       3.20641       1.92185 
       R3SD2         53.15       1.96841       8.28499       2.05565      -4.52743       2.65477       2.59477       3.21503       1.92432 
       RXD21         53.51      0.832406        11.881       1.09993      -5.46154       2.65477       2.59477        3.2604        1.9301 
       RXDMX         54.73       2.21897       17.0454      -2.46282       2.28943       3.18413       0.36617       3.55411       1.94254 
       RXD22        55.165       4.96414       15.1228      -3.84792       2.13015       3.18413       0.36617       3.57503       1.94686 
       R3QD6        55.405        7.4239        13.172      -6.62976       5.81521       6.05527       2.64323       3.58139       1.94953 
       RXD23         55.64       10.8743       10.5849      -8.05275       5.19405       6.05527       2.64323       3.58555        1.9527 
      R3BPM7         55.64       10.8743       10.5849      -8.05275       5.19405       6.05527       2.64323       3.58555        1.9527 
       RXD24            56        17.457        7.1877      -10.2327       4.24249       6.05527       2.64323       3.58971       1.95927 
       R3QF7         56.35       18.1817       6.70318       8.41385      -2.69762       3.94863       1.23481       3.59266       1.96779 
       RXD25         56.49       15.9033       7.48272       7.86105       -2.8705       3.94863       1.23481       3.59397       1.97093 
       R3HC2         56.49       15.9033       7.48272       7.86105       -2.8705       3.94863       1.23481       3.59397       1.97093 
       RXD26         56.65       13.4888       8.43289       7.22927      -3.06807       3.94863       1.23481       3.59571       1.97414 
       R3QD8            57       11.0215        8.9465      0.263935       1.69536     0.0970523      0.433046       3.60042       1.98035 
       R3D27        57.208       10.9159       8.25997      0.243748       1.60529     0.0970523      0.433046       3.60344        1.9842 
      R3BPM8        57.208       10.9159       8.25997      0.243748       1.60529     0.0970523      0.433046       3.60344        1.9842 
       R3D28        57.499       10.7823       7.36236      0.215506       1.47927     0.0970523      0.433046       3.60771       1.99014 
       R3VC3        57.499       10.7823       7.36236      0.215506       1.47927     0.0970523      0.433046       3.60771       1.99014 
       R3HC3        57.499       10.7823       7.36236      0.215506       1.47927     0.0970523      0.433046       3.60771       1.99014 
       R3D29        58.451       10.4599        4.9383      0.123112       1.06701     0.0970523      0.433046         3.622       2.01538 
    R3RFCAV1        58.751       10.3948       4.33707     0.0939965      0.937097     0.0970523      0.433046       3.62658        2.0257 
       R3D30        59.451       10.3107       3.23732     0.0260599      0.633965     0.0970523      0.433046       3.63735       2.05561 
    R3RFCAV2        59.751       10.3038       2.89592   -0.00305578      0.504051     0.0970523      0.433046       3.64198       2.07123 
       R3D31            60       10.3114       2.67175    -0.0272218      0.396222     0.0970523      0.433046       3.64582       2.08549 
       R4D1A        60.719       10.4007       2.32585    -0.0970024     0.0848619     0.0970523      0.433046       3.65688       2.13206 
      R4BPM0        60.719       10.4007       2.32585    -0.0970024     0.0848619     0.0970523      0.433046       3.65688       2.13206 
       R4D1B       60.8315       10.4237       2.31224     -0.107921     0.0361442     0.0970523      0.433046        3.6586       2.13978 
       R4VC0       60.8315       10.4237       2.31224     -0.107921     0.0361442     0.0970523      0.433046        3.6586       2.13978 
       R4HC0       60.8315       10.4237       2.31224     -0.107921     0.0361442     0.0970523      0.433046        3.6586       2.13978 
       R4D2A        61.095       10.4873       2.32326     -0.133494    -0.0779635     0.0970523      0.433046       3.66261       2.15792 
      R4SCRP        61.095       10.4873       2.32326     -0.133494    -0.0779635     0.0970523      0.433046       3.66261       2.15792 
       R4D2B        61.352       10.5624       2.39193     -0.158437     -0.189256     0.0970523      0.433046        3.6665        2.1753 
      SW6HC1        61.352       10.5624       2.39193     -0.158437     -0.189256     0.0970523      0.433046        3.6665        2.1753 
       SW6UD        61.512       10.6156       2.46358     -0.173965     -0.258544     0.0970523      0.433046       3.66891        2.1858 
         SW6        62.472        11.039       3.35908     -0.267135     -0.674268     0.0970523      0.433046       3.68304       2.23995 
       SW6DD        62.632        11.127       3.58593     -0.282664     -0.743556     0.0970523      0.433046       3.68534       2.24729 
      SW6HC2        62.632        11.127       3.58593     -0.282664     -0.743556     0.0970523      0.433046       3.68534       2.24729 
        R4D3        62.807       11.2289       3.85944     -0.299648     -0.819339     0.0970523      0.433046       3.68783       2.25478 
      R4HC0A        62.807       11.2289       3.85944     -0.299648     -0.819339     0.0970523      0.433046       3.68783       2.25478 
       R4VC1        62.807       11.2289       3.85944     -0.299648     -0.819339     0.0970523      0.433046       3.68783       2.25478 
        R4D4        62.922       11.2991       4.05361     -0.310809     -0.869139     0.0970523      0.433046       3.68945       2.25941 
      R4BPM1        62.922       11.2991       4.05361     -0.310809     -0.869139     0.0970523      0.433046       3.68945       2.25941 
        R4D5            63       11.3482       4.19183     -0.318379     -0.902917     0.0970523      0.433046       3.69055       2.26242 
       R4QD1         63.35       13.9252        4.0443      -7.50801       1.29724       4.11989      0.663359       3.69512       2.27554 
        RXD4          63.5       16.2703       3.67005      -8.12599       1.19773       4.11989      0.663359       3.69671       2.28174 
       R4HC1          63.5       16.2703       3.67005      -8.12599       1.19773       4.11989      0.663359       3.69671       2.28174 
        RXD5         63.65       18.8008       3.32566      -8.74398       1.09823       4.11989      0.663359       3.69808       2.28857 
       R4QF2            64       18.0792       3.78398       10.5549      -2.55958       6.21744       1.99564       3.70092       2.30525 
       R4D6A        64.325       11.8752       5.65849       8.53425      -3.20816       6.21744       1.99564       3.70445       2.31644 
       R4SQ1        64.325       11.8752       5.65849       8.53425      -3.20816       6.21744       1.99564       3.70445       2.31644 
       R4D6B        64.595       7.71997       7.53638       6.85554      -3.74698       6.21744       1.99564       3.70894       2.32302 
       R4QD3        64.835       5.17682       8.87235       3.97735      -1.69424       3.24896      0.436237       3.71505       2.32764 
        RXD7         64.94        4.3774       9.23295       3.63621      -1.74004       3.24896      0.436237       3.71856       2.32949 
      R4BPM2         64.94        4.3774       9.23295       3.63621      -1.74004       3.24896      0.436237       3.71856       2.32949 
        RXD8         65.27       2.33131       10.4289       2.56405        -1.884       3.24896      0.436237       3.73503       2.33484 
       RXDMX         66.49      0.788547       8.26553      -1.04762       3.21281       2.65996        1.3698       4.02738       2.35395 
        RXD9         66.85       1.88756       6.12984       -2.0052       2.71968       2.65996        1.3698       4.07505         2.362 
       R4SD1         66.97       2.40712       5.49684       -2.3244        2.5553       2.65996        1.3698       4.08402       2.36529 
       RXD10         67.15       3.33008       4.62131      -2.80319       2.30874       2.65996        1.3698       4.09414       2.37098 
      R4BPM3         67.15       3.33008       4.62131      -2.80319       2.30874       2.65996        1.3698       4.09414       2.37098 
       RXD11         67.51       5.69311       3.13654      -3.76078       1.81561       2.65996        1.3698       4.10732       2.38605 
       R4QF4         67.86       6.33194       2.93832       2.14735      -1.18647      0.886161      0.819413       4.11608        2.4055 
       RXD12            68       5.74805        3.2866       2.02329      -1.30118      0.886161      0.819413       4.11977       2.41268 
       R4SF1         68.12       5.27522       3.61068       1.91695      -1.39951      0.886161      0.819413       4.12324       2.41822 
       RXD13         68.88        2.8733       6.21123       1.24347      -2.02227      0.886161      0.819413       4.15451       2.44388 
      R4BPM4         68.88        2.8733       6.21123       1.24347      -2.02227      0.886161      0.819413       4.15451       2.44388 
       RXD14        69.015       2.55372       6.77218       1.12383      -2.13289      0.886161      0.819413       4.16245       2.44719 
       R4VC2        69.015       2.55372       6.77218       1.12383      -2.13289      0.886161      0.819413       4.16245       2.44719 
       RXD15         69.39       1.83546       8.48707      0.791525      -2.44017      0.886161      0.819413       4.19015       2.45506 
      RXDM2U       69.5974        1.6008       9.20506      0.437128      -1.43162      0.744054      0.331288        4.2095       2.45879 
      R4DM2D         70.61        1.8883       8.67822     -0.843468       2.32276      0.906336      0.736925       4.31416       2.47574 
       RXD16        71.255       3.35344       5.98844      -1.42806       1.84744      0.906336      0.736925       4.35541          2.49 
      R4BPM5        71.255       3.35344       5.98844      -1.42806       1.84744      0.906336      0.736925       4.35541          2.49 
       RXD17         71.88       5.49254       3.96701      -1.99452       1.38686      0.906336      0.736925       4.37867       2.51047 
       R4SF2            72       5.98428       3.64477      -2.10328       1.29843      0.906336      0.736925         4.382       2.51549 
       RXD18         72.14       6.59096       3.29565      -2.23016       1.19526      0.906336      0.736925       4.38555       2.52192 
       R4QF5         72.49       5.92147       3.61088       3.92103      -2.19579       2.76528        1.6122       4.39398       2.53903 
       RXD19         72.93       3.00632        5.8553       2.70431      -2.90516       2.76528        1.6122        4.4106       2.55429 
      R4BPM6         72.93       3.00632        5.8553       2.70431      -2.90516       2.76528        1.6122        4.4106       2.55429 
       RXD20         73.03       2.49311       6.45245       2.42778      -3.06638       2.76528        1.6122       4.41642       2.55688 
       R4SD2         73.15       1.95026        7.2116       2.09595      -3.25984       2.76528        1.6122       4.42508       2.55967 
       RXD21         73.51      0.799555       9.76762       1.10045      -3.84023       2.76528        1.6122       4.47163        2.5665 
       RXDMX         74.73       2.35201       12.3822       -2.6264       2.23426       3.35798      0.483915       4.77013       2.58262 
       RXD22        75.165       5.27239         10.53      -4.08712       2.02376       3.35798      0.483915       4.78984       2.58869 
       R4QD6        75.405       7.88362       8.93654      -7.03575       4.46607       6.40591       2.34383       4.79583       2.59258 
      R4D23A         75.52       9.58656       7.94034      -7.77243       4.19653       6.40591       2.34383       4.79794       2.59475 
      R4VC3A         75.52       9.58656       7.94034      -7.77243       4.19653       6.40591       2.34383       4.79794       2.59475 
      R4HC2A         75.52       9.58656       7.94034      -7.77243       4.19653       6.40591       2.34383       4.79794       2.59475 
      R4D23B         75.64       11.5442       6.96693      -8.54114       3.91527       6.40591       2.34383       4.79975       2.59732 
      R4BPM7         75.64       11.5442       6.96693      -8.54114       3.91527       6.40591       2.34383       4.79975       2.59732 
       RXD24            76        18.524        4.4517      -10.8473       3.07149       6.40591       2.34383       4.80367       2.60762 
       R4QF7         76.35        19.285       3.85903        8.9374      -1.18179       4.19378      0.621043       4.80645       2.62189 
       RXD25         76.49       16.8647       4.20211       8.35027      -1.26874       4.19378      0.621043       4.80768       2.62742 
       R4HC2         76.49       16.8647       4.20211       8.35027      -1.26874       4.19378      0.621043       4.80768       2.62742 
       RXD26         76.65          14.3         4.624       7.67926       -1.3681       4.19378      0.621043       4.80932        2.6332 
       R4QD8            77       11.6732       4.70623      0.298206       1.14833      0.093284      0.492679       4.81377       2.64478 
       RXD27         77.22       11.5465       4.22481      0.277684       1.03994      0.093284      0.492679       4.81679       2.65263 
      R4BPM8         77.22       11.5465       4.22481      0.277684       1.03994      0.093284      0.492679       4.81679       2.65263 
      RXD28A        77.355       11.4733       3.95301       0.26509      0.973429      0.093284      0.492679       4.81866       2.65789 
      R4SCN1        77.355       11.4733       3.95301       0.26509      0.973429      0.093284      0.492679       4.81866       2.65789 
      RXD28B        77.515       11.3908       3.65412      0.250165        0.8946      0.093284      0.492679       4.82088       2.66459 
       R4VC3        77.515       11.3908       3.65412      0.250165        0.8946      0.093284      0.492679       4.82088       2.66459 
       R4D29        78.145       11.1126       2.72247      0.191396      0.584212      0.093284      0.492679        4.8298        2.6966 
       R4HC3        78.145       11.1126       2.72247      0.191396      0.584212      0.093284      0.492679        4.8298        2.6966 
       R4VC4        78.145       11.1126       2.72247      0.191396      0.584212      0.093284      0.492679        4.8298        2.6966 
       R4D30        78.295       11.0573       2.55829      0.177403       0.51031      0.093284      0.492679       4.83196       2.70565 
      R4BPM9        78.295       11.0573       2.55829      0.177403       0.51031      0.093284      0.492679       4.83196       2.70565 
       R4D31        78.505       10.9869       2.36569      0.157814      0.406848      0.093284      0.492679       4.83499       2.71925 
       RXWD1       78.5995       10.9579       2.29319      0.148998       0.36029      0.093284      0.492679       4.83636       2.72571 
     R4ENDHC       78.5995       10.9579       2.29319      0.148998       0.36029      0.093284      0.492679       4.83636       2.72571 
       RXWD2         78.65       10.9431       2.25806      0.144288      0.335409      0.093284      0.492679       4.83709       2.72924 
      R45WIG         81.35        10.844       3.30259     -0.107579     -0.678315      0.093284      0.442111       4.87696       2.91788 
       RXWD2       81.4005       10.8551       3.37223      -0.11229     -0.700641      0.093284      0.442111        4.8777       2.92028 
     R5ENDHC       81.4005       10.8551       3.37223      -0.11229     -0.700641      0.093284      0.442111        4.8777       2.92028 
       RXWD1        81.495       10.8772        3.5086     -0.121105     -0.742421      0.093284      0.442111       4.87908       2.92466 
       R5D1A        81.705       10.9322       3.83991     -0.140695     -0.835264      0.093284      0.442111       4.88215       2.93377 
      R5BPM0        81.705       10.9322       3.83991     -0.140695     -0.835264      0.093284      0.442111       4.88215       2.93377 
       R5D1B        81.855       10.9765       4.10044     -0.154687     -0.901581      0.093284      0.442111       4.88432       2.93979 
       R5HC0        81.855       10.9765       4.10044     -0.154687     -0.901581      0.093284      0.442111       4.88432       2.93979 
       R5VC0        81.855       10.9765       4.10044     -0.154687     -0.901581      0.093284      0.442111       4.88432       2.93979 
       R5D1C        82.775         11.34       6.13355     -0.240508      -1.30832      0.093284      0.442111       4.89746       2.96915 
       R5VC1        82.775         11.34       6.13355     -0.240508      -1.30832      0.093284      0.442111       4.89746       2.96915 
        RXD2         82.91       11.4067       6.49485     -0.253102      -1.36801      0.093284      0.442111       4.89935       2.97255 
      R5BPM1         82.91       11.4067       6.49485     -0.253102      -1.36801      0.093284      0.442111       4.89935       2.97255 
        RXD3            83        11.453       6.74467     -0.261497       -1.4078      0.093284      0.442111       4.90061       2.97472 
       R5QD1         83.35       14.0058       6.45039      -7.49132       2.19431        4.0783      0.901494       4.90515        2.9829 
        RXD4          83.5       16.3449       5.81238      -8.10307       2.05909        4.0783      0.901494       4.90672        2.9868 
       R5HC1          83.5       16.3449       5.81238      -8.10307       2.05909        4.0783      0.901494       4.90672        2.9868 
        RXD5         83.65       18.8676       5.21494      -8.71481       1.92386        4.0783      0.901494       4.90808       2.99114 
       R5QF2            84       18.1045       5.73732         10.63      -3.58944       6.29657       2.41996       4.91092       3.00194 
       R5D6A        84.322       11.9117       8.29983       8.60248      -4.36867       6.29657       2.41996       4.91441       3.00937 
      R5VC1A        84.322       11.9117       8.29983       8.60248      -4.36867       6.29657       2.41996       4.91441       3.00937 
      R5HC1A        84.322       11.9117       8.29983       8.60248      -4.36867       6.29657       2.41996       4.91441       3.00937 
       R5D6B        84.595       7.68399       10.8655       6.88352      -5.02932       6.29657       2.41996       4.91895       3.01395 
       R5QD3        84.835       5.12898       12.5948       3.99985      -2.01395       3.31427      0.401434       4.92511       3.01718 
        RXD7         84.94       4.32555       13.0221       3.65185       -2.0561       3.31427      0.401434       4.92866       3.01848 
      R5BPM2         84.94       4.32555       13.0221       3.65185       -2.0561       3.31427      0.401434       4.92866       3.01848 
        RXD8         85.27       2.27625       14.4229       2.55815      -2.18857       3.31427      0.401434       4.94543       3.02232 
       RXDMX         86.49      0.829127       10.5481      -1.13572       4.56857       2.76178       2.07352       5.24482       3.03668 
        RXD9         86.85       2.00477        7.5275      -2.12996        3.8221       2.76178       2.07352       5.28986       3.04311 
       R5SD1         86.97       2.55573       6.64005      -2.46138       3.57328       2.76178       2.07352       5.29831       3.04582 
       RXD10         87.15       3.53131       5.42086       -2.9585       3.20004       2.76178       2.07352       5.30785       3.05059 
      R5BPM3         87.15       3.53131       5.42086       -2.9585       3.20004       2.76178       2.07352       5.30785       3.05059 
       RXD11         87.51       6.01935       3.38555      -3.95274       2.45357       2.76178       2.07352       5.32029       3.06398 
       R5QF4         87.86       6.67627       2.82356       2.29363      -0.66982      0.937762      0.513061       5.32859       3.08308 
       RXD12            88       6.05243       3.02116       2.16235     -0.741648      0.937762      0.513061       5.33209       3.09071 
       R5SF1         88.12       5.54697       3.20655       2.04981     -0.803215      0.937762      0.513061       5.33539       3.09685 
      R5D13A        88.519       4.06051       3.92919       1.67565      -1.00793      0.937762      0.513061       5.34879       3.11478 
       R5SQ1        88.519       4.06051       3.92919       1.67565      -1.00793      0.937762      0.513061       5.34879       3.11478 
     R5D13BA         88.63       3.70007       4.15927       1.57156      -1.06488      0.937762      0.513061       5.35335       3.11915 
     R5DCCTD        88.795       3.20699       4.52465       1.41682      -1.14953      0.937762      0.513061       5.36097       3.12521 
      R5DCCT        88.795       3.20699       4.52465       1.41682      -1.14953      0.937762      0.513061       5.36097       3.12521 
     R5DCCTD         88.96       2.76497       4.91797       1.26209      -1.23419      0.937762      0.513061       5.36979       3.13077 
     R5D13BB        88.985       2.70245          4.98       1.23865      -1.24701      0.937762      0.513061       5.37125       3.13158 
       R5VC2        88.985       2.70245          4.98       1.23865      -1.24701      0.937762      0.513061       5.37125       3.13158 
       R5D14         89.06       2.52193       5.16993       1.16832      -1.28549      0.937762      0.513061       5.37582       3.13393 
      R5BPM4         89.06       2.52193       5.16993       1.16832      -1.28549      0.937762      0.513061       5.37582       3.13393 
       R5D15         89.39       1.85296       6.07423      0.858857       -1.4548      0.937762      0.513061       5.40021       3.14331 
      RXDM2U       89.5974       1.59266       6.46651      0.494792     -0.733115      0.781596      0.237757       5.41952       3.14856 
      RXDM2D         90.61       1.77903       5.67735     -0.786191       1.69858      0.909538      0.684331       5.52826       3.17363 
       RXD16        91.255       3.17161       3.77087      -1.37284       1.25719      0.909538      0.684331       5.57202       3.19589 
      R5BPM5        91.255       3.17161       3.77087      -1.37284       1.25719      0.909538      0.684331       5.57202       3.19589 
      RXD17A        91.445       3.72612       3.31785      -1.54565       1.12717      0.909538      0.684331       5.58082       3.20444 
       R5SQ2        91.445       3.72612       3.31785      -1.54565       1.12717      0.909538      0.684331       5.58082       3.20444 
      RXD17B         91.88       5.24295        2.4667       -1.9413      0.829483      0.909538      0.684331       5.59651       3.22873 
       R5SF2            92       5.72196       2.27748      -2.05045      0.747363      0.909538      0.684331           5.6        3.2368 
       RXD18         92.14       6.31391       2.08163      -2.17778      0.651557      0.909538      0.684331       5.60371       3.24704 
       R5QF5         92.49        5.6999       2.40069       3.72855      -1.66422       2.61445       1.57023       5.61248       3.27351 
       RXD19         92.93       2.92493       4.16919       2.57819      -2.35512       2.61445       1.57023       5.62966       3.29572 
      R5BPM6         92.93       2.92493       4.16919       2.57819      -2.35512       2.61445       1.57023       5.62966       3.29572 
       RXD20         93.03       2.43544       4.65592       2.31675      -2.51214       2.61445       1.57023       5.63563       3.29933 
       R5SD2         93.15       1.91707       5.28144       2.00301      -2.70057       2.61445       1.57023       5.64447       3.30318 
       RXD21         93.51      0.813728       7.42935       1.06181      -3.26585       2.61445       1.57023       5.69101       3.31234 
       RXDMX         94.73       2.24731       10.3672      -2.47092       1.46132       3.16176      0.302441       5.98178       3.33255 
       RXD22        95.165       4.99529       9.15307      -3.84629       1.32976       3.16176      0.302441       6.00251       3.33966 
       R5QD6        95.405       7.45506       7.95832      -6.63142       3.53628       6.03291         1.697       6.00884       3.34409 
      R5D23A         95.55       9.50502       6.96848      -7.50619       3.29021       6.03291         1.697       6.01158       3.34719 
      R5HC2A         95.55       9.50502       6.96848      -7.50619       3.29021       6.03291         1.697       6.01158       3.34719 
      R5VC3A         95.55       9.50502       6.96848      -7.50619       3.29021       6.03291         1.697       6.01158       3.34719 
      R5D23B         95.64        10.905       6.38999      -8.04915       3.13748       6.03291         1.697       6.01299       3.34934 
      R5BPM7         95.64        10.905       6.38999      -8.04915       3.13748       6.03291         1.697       6.01299       3.34934 
       RXD24            96       17.4822       4.35093       -10.221       2.52656       6.03291         1.697       6.01714       3.36021 
       R5QF7         96.35       18.1902       4.10749       8.44423      -1.75036       3.97494      0.989355       6.02008        3.3742 
       RXD25         96.49       15.9037       4.61699       7.88774      -1.88887       3.97494      0.989355       6.02139       3.37932 
       R5HC2         96.49       15.9037       4.61699       7.88774      -1.88887       3.97494      0.989355       6.02139       3.37932 
       RXD26         96.65       13.4814       5.24675       7.25175      -2.04717       3.97494      0.989355       6.02313       3.38449 
       R5QD8            97       10.9982       5.67663      0.289717      0.898246     0.0985556      0.318295       6.02785       3.39439 
       R5D27         97.09       10.9469       5.51753      0.280847        0.8696     0.0985556      0.318295       6.02916       3.39694 
      R5BPM8         97.09       10.9469       5.51753      0.280847        0.8696     0.0985556      0.318295       6.02916       3.39694 
      R5D28A        97.225       10.8728       5.28854      0.267542       0.82663     0.0985556      0.318295       6.03113       3.40092 
       R5VC3        97.225       10.8728       5.28854      0.267542       0.82663     0.0985556      0.318295       6.03113       3.40092 
       R5HC3        97.225       10.8728       5.28854      0.267542       0.82663     0.0985556      0.318295       6.03113       3.40092 
      R5D28B       97.3875       10.7885       5.02829      0.251527      0.774907     0.0985556      0.318295       6.03351       3.40594 
      R5SCN1       97.3875       10.7885       5.02829      0.251527      0.774907     0.0985556      0.318295       6.03351       3.40594 
      R5D28C        97.515       10.7259       4.83586      0.238961      0.734324     0.0985556      0.318295        6.0354       3.41005 
      R5BPM9        97.515       10.7259       4.83586      0.238961      0.734324     0.0985556      0.318295        6.0354       3.41005 
       U9UDA        97.568       10.7009       4.75892      0.233738      0.717455     0.0985556      0.318295       6.03619       3.41181 
       R5VC4        97.568       10.7009       4.75892      0.233738      0.717455     0.0985556      0.318295       6.03619       3.41181 
       U9UDB         97.75       10.6191       4.50831      0.215801      0.659525     0.0985556      0.318295        6.0389       3.41807 
          U9        102.25       10.6726       4.51218       -0.2277     -0.660329     0.0985556      0.318257       6.10836       3.62523 
       U9DDA       102.445       10.7652       4.78181     -0.246918     -0.722389     0.0985556      0.318257       6.11126       3.63191 
       R6VC0       102.445       10.7652       4.78181     -0.246918     -0.722389     0.0985556      0.318257       6.11126       3.63191 
       U9DDB        102.52       10.8028       4.89196      -0.25431     -0.746259     0.0985556      0.318257       6.11237       3.63438 
      R6BPM0        102.52       10.8028       4.89196      -0.25431     -0.746259     0.0985556      0.318257       6.11237       3.63438 
        R6D1       102.775       10.9389       5.29325     -0.279441     -0.827414     0.0985556      0.318257        6.1161       3.64236 
       R6VC1       102.775       10.9389       5.29325     -0.279441     -0.827414     0.0985556      0.318257        6.1161       3.64236 
       R6HC0       102.775       10.9389       5.29325     -0.279441     -0.827414     0.0985556      0.318257        6.1161       3.64236 
        RXD2        102.91       11.0161       5.52245     -0.292746     -0.870379     0.0985556      0.318257       6.11806       3.64633 
      R6BPM1        102.91       11.0161       5.52245     -0.292746     -0.870379     0.0985556      0.318257       6.11806       3.64633 
        RXD3           103       11.0696        5.6817     -0.301616     -0.899022     0.0985556      0.318257       6.11935       3.64889 
       R6QD1        103.35       13.5768       5.25138      -7.31267       2.04911       4.01237      0.989997       6.12404       3.65877 
        RXD4         103.5       15.8609       4.65892      -7.91452       1.90061       4.01237      0.989997       6.12567        3.6636 
       R6HC1         103.5       15.8609       4.65892      -7.91452       1.90061       4.01237      0.989997       6.12567        3.6636 
        RXD5        103.65       18.3255       4.11101      -8.51638       1.75211       4.01237      0.989997       6.12707       3.66906 
       R6QF2           104       17.6182       4.35441       10.2914      -2.52819       6.06835       1.69753       6.12999       3.68304 
       R6D6A       104.325       11.5698       6.17704       8.31922      -3.07989       6.06835       1.69753       6.13361       3.69302 
      R6VC1A       104.325       11.5698       6.17704       8.31922      -3.07989       6.06835       1.69753       6.13361       3.69302 
      R6HC1A       104.325       11.5698       6.17704       8.31922      -3.07989       6.06835       1.69753       6.13361       3.69302 
       R6D6B       104.595       7.51977       7.96393       6.68076      -3.53822       6.06835       1.69753       6.13822       3.69914 
       R6QD3       104.835       5.04178       9.15923       3.87457      -1.33007       3.17593      0.302328        6.1445       3.70357 
        RXD7        104.94       4.26313       9.44188        3.5411      -1.36182       3.17593      0.302328        6.1481       3.70536 
      R6BPM2        104.94       4.26313       9.44188        3.5411      -1.36182       3.17593      0.302328        6.1481       3.70536 
        RXD8        105.27       2.27186       10.3736       2.49305      -1.46158       3.17593      0.302328       6.16501       3.71067 
       RXDMX        106.49      0.804142        7.4326      -1.05038       3.26805       2.61558       1.57148       6.45549       3.73088 
        RXD9        106.85        1.8994       5.28326      -1.99199       2.70232       2.61558       1.57148       6.50253       3.74003 
       R6SD1        106.97       2.41514       4.65734      -2.30586       2.51374       2.61558       1.57148       6.51145       3.74388 
       RXD10        107.15       3.32999        3.8033      -2.77666       2.23088       2.61558       1.57148       6.52156       3.75069 
      R6BPM3        107.15       3.32999        3.8033      -2.77666       2.23088       2.61558       1.57148       6.52156       3.75069 
       RXD11        107.51       5.66817       2.40074      -3.71827       1.66514       2.61558       1.57148       6.53477        3.7697 
       R6QF4        107.86       6.28626       2.08107       2.15721     -0.650531      0.899351      0.683874       6.54358       3.79618 
       RXD12           108       5.69987       2.27662        2.0313     -0.746273      0.899351      0.683874        6.5473       3.80642 
       R6SF1        108.12       5.22531       2.46558       1.92338     -0.828338      0.899351      0.683874        6.5508       3.81448 
      RXD13A       108.555       3.72215       3.31564       1.53216      -1.12582      0.899351      0.683874       6.56653       3.83879 
       R6SQ1       108.555       3.72215       3.31564       1.53216      -1.12582      0.899351      0.683874       6.56653       3.83879 
      RXD13B        108.88       2.82124       4.11966       1.23987      -1.34808      0.899351      0.683874       6.58252       3.85281 
      R6BPM4        108.88       2.82124       4.11966       1.23987      -1.34808      0.899351      0.683874       6.58252       3.85281 
       RXD14       109.015       2.50286        4.4961       1.11846      -1.44041      0.899351      0.683874       6.59061        3.8578 
       R6VC2       109.015       2.50286        4.4961       1.11846      -1.44041      0.899351      0.683874       6.59061        3.8578 
       RXD15        109.39       1.79049       5.67258      0.781203      -1.69686      0.899351      0.683874       6.61895       3.86963 
      RXDM2U       109.597       1.55925       6.18506      0.428606      -1.04728      0.759148       0.33901        6.6388       3.87519 
      RXDM2D        110.61       1.87125       6.06882     -0.860585       1.45347      0.930185       0.51288       6.74566       3.89997 
       RXD16       111.255       3.36838       4.40722      -1.46055       1.12266      0.930185       0.51288       6.78701       3.91987 
      R6BPM5       111.255       3.36838       4.40722      -1.46055       1.12266      0.930185       0.51288       6.78701       3.91987 
      RXD17A       111.445       3.95697       3.99912      -1.63729       1.02522      0.930185       0.51288        6.7953       3.92708 
       R6SQ2       111.445       3.95697       3.99912      -1.63729       1.02522      0.930185       0.51288        6.7953       3.92708 
      RXD17B        111.88       5.55743       3.20423      -2.04192      0.802113      0.930185       0.51288       6.81008       3.94647 
       R6SF2           112       6.06089       3.01911      -2.15354      0.740567      0.930185       0.51288       6.81338       3.95261 
       RXD18        112.14       6.68211        2.8218      -2.28377      0.668764      0.930185       0.51288       6.81688       3.96025 
       R6QF5        112.49       6.01716       3.38402       3.96318      -2.45323       2.77653       2.07397       6.82518       3.97936 
       RXD19        112.93       3.06709       5.94439       2.74151      -3.36578       2.77653       2.07397       6.84151         3.995 
      R6BPM6        112.93       3.06709       5.94439       2.74151      -3.36578       2.77653       2.07397       6.84151         3.995 
       RXD20        113.03       2.54655       6.63829       2.46386      -3.57318       2.77653       2.07397        6.8472       3.99753 
       R6SD2        113.15       1.99521       7.52571       2.13067      -3.82205       2.77653       2.07397       6.85568       4.00023 
       RXD21        113.51      0.820965       10.5464       1.13112      -4.56868       2.77653       2.07397       6.90106       4.00667 
       RXDMX        114.73       2.30348       14.4228      -2.58833       2.18766       3.34253      0.401161       7.20095       4.02103 
       RXD22       115.165       5.18782       12.5954      -4.04233       2.01316       3.34253      0.401161       7.22103       4.02617 
       R6QD6       115.405       7.76986       10.8664      -6.95616       5.02886       6.35639       2.41933       7.22712        4.0294 
       RXD23        115.64       11.3903       8.63646      -8.44992       4.46032       6.35639       2.41933       7.23109       4.03326 
      R6BPM7        115.64       11.3903       8.63646      -8.44992       4.46032       6.35639       2.41933       7.23109       4.03326 
       RXD24           116        18.298       5.73857      -10.7382       3.58936       6.35639       2.41933       7.23506        4.0414 
       R6QF7        116.35       19.0655       5.21668       8.81197      -1.92533       4.12529      0.902278       7.23787       4.05221 
       RXD25        116.49        16.679       5.77346       8.23443      -2.05165       4.12529      0.902278       7.23912       4.05627 
       R6HC2        116.49        16.679       5.77346       8.23443      -2.05165       4.12529      0.902278       7.23912       4.05627 
       RXD26        116.65       14.1496       6.45309       7.57438      -2.19601       4.12529      0.902278       7.24078       4.06044 
       R6QD8           117       11.5664       6.74802      0.270788       1.40776     0.0927967      0.441874       7.24527       4.06862 
       R6D27       117.415       11.3576       5.65569      0.232277       1.22438     0.0927967      0.441874       7.25104       4.07932 
     R6KICM1       117.415       11.3576       5.65569      0.232277       1.22438     0.0927967      0.441874       7.25104       4.07932 
       R6D28        117.86       11.1693       4.65349      0.190983       1.02774     0.0927967      0.441874       7.25733       4.09314 
       R6VC3        117.86       11.1693       4.65349      0.190983       1.02774     0.0927967      0.441874       7.25733       4.09314 
       R6D29        118.01       11.1141       4.35511      0.177063      0.961463     0.0927967      0.441874       7.25947       4.09845 
      R6SCN1        118.01       11.1141       4.35511      0.177063      0.961463     0.0927967      0.441874       7.25947       4.09845 
       R6D30         118.9       10.8724       2.99372     0.0944739      0.568195     0.0927967      0.441874       7.27237       4.13808 
     R6KICM2         118.9       10.8724       2.99372     0.0944739      0.568195     0.0927967      0.441874       7.27237       4.13808 
      R6D31A       119.585       10.7865       2.42263     0.0309081      0.265511     0.0927967      0.441874       7.28244       4.17902 
       R6VC5       119.585       10.7865       2.42263     0.0309081      0.265511     0.0927967      0.441874       7.28244       4.17902 
       R6HC4       119.585       10.7865       2.42263     0.0309081      0.265511     0.0927967      0.441874       7.28244       4.17902 
      R6D31B           120       10.7769       2.27836    -0.0076025     0.0821334     0.0927967      0.441874       7.28857       4.20728 
